

  #########
  # HI+JES calibration factors for
  # jet energy correction
  #
JES.AntiKt2HI_Bin0:              3.8003e-01   0.0000e+00   0.0000e+00   0.0000e+00   0.0000e+00   0.0000e+00   0.0000e+00   0.0000e+00   0.0000e+00
JES.AntiKt2HI_Bin1:             -9.9902e-02   8.3926e-02   0.0000e+00   0.0000e+00   0.0000e+00   0.0000e+00   0.0000e+00   0.0000e+00   0.0000e+00
JES.AntiKt2HI_Bin2:             -9.9964e-02   8.7986e-02   0.0000e+00   0.0000e+00   0.0000e+00   0.0000e+00   0.0000e+00   0.0000e+00   0.0000e+00
JES.AntiKt2HI_Bin3:             -3.8377e+00   1.3824e+00  -1.1187e-01   0.0000e+00   0.0000e+00   0.0000e+00   0.0000e+00   0.0000e+00   0.0000e+00
JES.AntiKt2HI_Bin4:              1.3853e+00  -3.9852e-01   4.0706e-02   0.0000e+00   0.0000e+00   0.0000e+00   0.0000e+00   0.0000e+00   0.0000e+00
JES.AntiKt2HI_Bin5:             -1.5545e-01   1.0449e-01   0.0000e+00   0.0000e+00   0.0000e+00   0.0000e+00   0.0000e+00   0.0000e+00   0.0000e+00
JES.AntiKt2HI_Bin6:              6.5419e+00  -2.0585e+00  -1.8942e-03   5.7591e-02  -4.6618e-03   0.0000e+00   0.0000e+00   0.0000e+00   0.0000e+00
JES.AntiKt2HI_Bin7:              2.3186e+01  -1.1333e+01   1.8763e+00  -1.0255e-01   0.0000e+00   0.0000e+00   0.0000e+00   0.0000e+00   0.0000e+00
JES.AntiKt2HI_Bin8:              1.1725e+01  -5.6274e+00   9.3712e-01  -5.1259e-02   0.0000e+00   0.0000e+00   0.0000e+00   0.0000e+00   0.0000e+00
JES.AntiKt2HI_Bin9:              6.3767e+00  -3.0080e+00   5.1174e-01  -2.8287e-02   0.0000e+00   0.0000e+00   0.0000e+00   0.0000e+00   0.0000e+00
JES.AntiKt2HI_Bin10:             1.0842e-01   8.0164e-02   0.0000e+00   0.0000e+00   0.0000e+00   0.0000e+00   0.0000e+00   0.0000e+00   0.0000e+00
JES.AntiKt2HI_Bin11:            -2.0658e+01   1.1355e+01  -2.0436e+00   1.2291e-01   0.0000e+00   0.0000e+00   0.0000e+00   0.0000e+00   0.0000e+00
JES.AntiKt2HI_Bin12:             6.2041e-02   6.2229e-02   0.0000e+00   0.0000e+00   0.0000e+00   0.0000e+00   0.0000e+00   0.0000e+00   0.0000e+00
JES.AntiKt2HI_Bin13:            -7.4009e+00   3.9429e+00  -6.6300e-01   3.7644e-02   0.0000e+00   0.0000e+00   0.0000e+00   0.0000e+00   0.0000e+00
JES.AntiKt2HI_Bin14:             1.5141e-01   7.1988e-02   0.0000e+00   0.0000e+00   0.0000e+00   0.0000e+00   0.0000e+00   0.0000e+00   0.0000e+00
JES.AntiKt2HI_Bin15:            -1.2727e+00   9.1381e-01  -1.5877e-01   9.8719e-03   0.0000e+00   0.0000e+00   0.0000e+00   0.0000e+00   0.0000e+00
JES.AntiKt2HI_Bin16:            -2.3698e+00   1.5394e+00  -2.7530e-01   1.7097e-02   0.0000e+00   0.0000e+00   0.0000e+00   0.0000e+00   0.0000e+00
JES.AntiKt2HI_Bin17:            -6.5006e-01   5.8729e-01  -1.0051e-01   6.5167e-03   0.0000e+00   0.0000e+00   0.0000e+00   0.0000e+00   0.0000e+00
JES.AntiKt2HI_Bin18:             7.8243e+00  -5.4202e+00   1.4921e+00  -1.8019e-01   8.1643e-03   0.0000e+00   0.0000e+00   0.0000e+00   0.0000e+00
JES.AntiKt2HI_Bin19:            -7.1130e-01   6.2916e-01  -1.0539e-01   6.5602e-03   0.0000e+00   0.0000e+00   0.0000e+00   0.0000e+00   0.0000e+00
JES.AntiKt2HI_Bin20:             1.0324e-01   2.2313e-01  -3.5685e-02   2.5899e-03   0.0000e+00   0.0000e+00   0.0000e+00   0.0000e+00   0.0000e+00
JES.AntiKt2HI_Bin21:             4.0644e-01   4.2878e-02   2.1472e-03   0.0000e+00   0.0000e+00   0.0000e+00   0.0000e+00   0.0000e+00   0.0000e+00
JES.AntiKt2HI_Bin22:             2.8516e+00  -1.7841e+00   5.1503e-01  -6.3545e-02   2.9264e-03   0.0000e+00   0.0000e+00   0.0000e+00   0.0000e+00
JES.AntiKt2HI_Bin23:             6.3360e-01  -8.3025e-02   2.7245e-02  -1.6571e-03   0.0000e+00   0.0000e+00   0.0000e+00   0.0000e+00   0.0000e+00
JES.AntiKt2HI_Bin24:             3.6932e-01   6.5611e-02   0.0000e+00   0.0000e+00   0.0000e+00   0.0000e+00   0.0000e+00   0.0000e+00   0.0000e+00
JES.AntiKt2HI_Bin25:             2.6605e-01   1.1975e-01  -8.8389e-03   4.8678e-04   0.0000e+00   0.0000e+00   0.0000e+00   0.0000e+00   0.0000e+00
JES.AntiKt2HI_Bin26:             3.0620e-01   9.1577e-02  -2.2902e-03   0.0000e+00   0.0000e+00   0.0000e+00   0.0000e+00   0.0000e+00   0.0000e+00
JES.AntiKt2HI_Bin27:             3.7472e-01   2.9249e-02   1.1568e-02  -9.0575e-04   0.0000e+00   0.0000e+00   0.0000e+00   0.0000e+00   0.0000e+00
JES.AntiKt2HI_Bin28:             8.9976e-02   1.9264e-01  -2.2176e-02   1.3953e-03   0.0000e+00   0.0000e+00   0.0000e+00   0.0000e+00   0.0000e+00
JES.AntiKt2HI_Bin29:            -3.8272e-01   6.2651e-01  -1.7549e-01   2.4577e-02  -1.2461e-03   0.0000e+00   0.0000e+00   0.0000e+00   0.0000e+00
JES.AntiKt2HI_Bin30:            -1.4005e+00   1.4990e+00  -4.5632e-01   6.3769e-02  -3.2656e-03   0.0000e+00   0.0000e+00   0.0000e+00   0.0000e+00
JES.AntiKt2HI_Bin31:            -1.0621e+00   1.1791e+00  -3.4161e-01   4.6471e-02  -2.3083e-03   0.0000e+00   0.0000e+00   0.0000e+00   0.0000e+00
JES.AntiKt2HI_Bin32:             2.3617e-01   9.3360e-02   0.0000e+00   0.0000e+00   0.0000e+00   0.0000e+00   0.0000e+00   0.0000e+00   0.0000e+00
JES.AntiKt2HI_Bin33:            -1.0422e-01   4.3036e-01  -1.1585e-01   1.7264e-02  -9.4065e-04   0.0000e+00   0.0000e+00   0.0000e+00   0.0000e+00
JES.AntiKt2HI_Bin34:            -1.4142e-01   4.6122e-01  -1.2467e-01   1.7999e-02  -9.3848e-04   0.0000e+00   0.0000e+00   0.0000e+00   0.0000e+00
JES.AntiKt2HI_Bin35:             1.0152e-01   2.1293e-01  -3.0952e-02   2.3385e-03   0.0000e+00   0.0000e+00   0.0000e+00   0.0000e+00   0.0000e+00
JES.AntiKt2HI_Bin36:             3.7384e-01  -2.5720e-02   4.7758e-02  -8.4565e-03   5.1004e-04   0.0000e+00   0.0000e+00   0.0000e+00   0.0000e+00
JES.AntiKt2HI_Bin37:             4.0859e-01  -3.9046e-02   5.2817e-02  -9.1033e-03   5.2488e-04   0.0000e+00   0.0000e+00   0.0000e+00   0.0000e+00
JES.AntiKt2HI_Bin38:            -8.0028e-01   1.3782e+00  -5.7778e-01   1.2721e-01  -1.3825e-02   5.8885e-04   0.0000e+00   0.0000e+00   0.0000e+00
JES.AntiKt2HI_Bin39:             3.7188e-01   4.4096e-02   2.2480e-02  -4.5910e-03   2.7600e-04   0.0000e+00   0.0000e+00   0.0000e+00   0.0000e+00
JES.AntiKt2HI_Bin40:             4.3601e-01  -1.4180e-02   4.3536e-02  -7.7723e-03   4.4459e-04   0.0000e+00   0.0000e+00   0.0000e+00   0.0000e+00
JES.AntiKt2HI_Bin41:             3.1962e-01   1.0002e-01   4.9770e-03  -2.2514e-03   1.5597e-04   0.0000e+00   0.0000e+00   0.0000e+00   0.0000e+00
JES.AntiKt2HI_Bin42:             3.0164e-01   1.1243e-01   2.4753e-03  -2.0183e-03   1.4437e-04   0.0000e+00   0.0000e+00   0.0000e+00   0.0000e+00
JES.AntiKt2HI_Bin43:             4.2086e-01   2.4136e-03   3.9206e-02  -7.3272e-03   4.2405e-04   0.0000e+00   0.0000e+00   0.0000e+00   0.0000e+00
JES.AntiKt2HI_Bin44:             3.0837e-01   1.0996e-01   4.0667e-04  -1.4474e-03   1.0338e-04   0.0000e+00   0.0000e+00   0.0000e+00   0.0000e+00
JES.AntiKt2HI_Bin45:             2.4112e-01   1.6600e-01  -1.6593e-02   7.4835e-04   0.0000e+00   0.0000e+00   0.0000e+00   0.0000e+00   0.0000e+00
JES.AntiKt2HI_Bin46:             4.0581e-01   2.4268e-02   2.9043e-02  -5.4897e-03   3.0967e-04   0.0000e+00   0.0000e+00   0.0000e+00   0.0000e+00
JES.AntiKt2HI_Bin47:             3.6616e-01   7.0321e-02   7.0902e-03  -7.2236e-05  -3.6068e-04   3.2732e-05   0.0000e+00   0.0000e+00   0.0000e+00
JES.AntiKt2HI_Bin48:             3.1664e-01   1.0065e-01   4.2562e-03  -2.0305e-03   1.3799e-04   0.0000e+00   0.0000e+00   0.0000e+00   0.0000e+00
JES.AntiKt2HI_Bin49:             3.9108e-01   2.3028e-02   3.1466e-02  -6.0365e-03   3.5182e-04   0.0000e+00   0.0000e+00   0.0000e+00   0.0000e+00
JES.AntiKt2HI_Bin50:             2.0885e-01   1.8126e-01  -1.9790e-02   1.0487e-03   0.0000e+00   0.0000e+00   0.0000e+00   0.0000e+00   0.0000e+00
JES.AntiKt2HI_Bin51:             2.1526e-01   1.6299e-01  -1.5022e-02   7.1570e-04   0.0000e+00   0.0000e+00   0.0000e+00   0.0000e+00   0.0000e+00
JES.AntiKt2HI_Bin52:             5.1365e-01  -1.2111e-01   7.5592e-02  -1.1814e-02   6.4247e-04   0.0000e+00   0.0000e+00   0.0000e+00   0.0000e+00
JES.AntiKt2HI_Bin53:             3.8910e-01  -3.9430e-02   5.2698e-02  -9.3464e-03   5.7080e-04   0.0000e+00   0.0000e+00   0.0000e+00   0.0000e+00
JES.AntiKt2HI_Bin54:             1.1660e-01   2.0118e-01  -2.8199e-02   2.1316e-03   0.0000e+00   0.0000e+00   0.0000e+00   0.0000e+00   0.0000e+00
JES.AntiKt2HI_Bin55:            -3.1778e-01   5.9621e-01  -1.6190e-01   2.2423e-02  -1.1295e-03   0.0000e+00   0.0000e+00   0.0000e+00   0.0000e+00
JES.AntiKt2HI_Bin56:             2.5584e-01   9.3562e-02   0.0000e+00   0.0000e+00   0.0000e+00   0.0000e+00   0.0000e+00   0.0000e+00   0.0000e+00
JES.AntiKt2HI_Bin57:            -5.7965e-01   7.8991e-01  -2.1652e-01   2.9230e-02  -1.4484e-03   0.0000e+00   0.0000e+00   0.0000e+00   0.0000e+00
JES.AntiKt2HI_Bin58:            -4.6543e-01   6.7233e-01  -1.8264e-01   2.4738e-02  -1.2141e-03   0.0000e+00   0.0000e+00   0.0000e+00   0.0000e+00
JES.AntiKt2HI_Bin59:            -1.2627e+00   1.3560e+00  -4.0156e-01   5.4886e-02  -2.7490e-03   0.0000e+00   0.0000e+00   0.0000e+00   0.0000e+00
JES.AntiKt2HI_Bin60:            -5.0342e-01   6.8897e-01  -1.8248e-01   2.3968e-02  -1.1446e-03   0.0000e+00   0.0000e+00   0.0000e+00   0.0000e+00
JES.AntiKt2HI_Bin61:             2.1296e-01   1.3096e-01  -1.2042e-02   8.6377e-04   0.0000e+00   0.0000e+00   0.0000e+00   0.0000e+00   0.0000e+00
JES.AntiKt2HI_Bin62:             4.1131e-01   3.1389e-03   1.7326e-02  -1.2993e-03   0.0000e+00   0.0000e+00   0.0000e+00   0.0000e+00   0.0000e+00
JES.AntiKt2HI_Bin63:             4.7020e-01  -6.6918e-03   1.6781e-02  -1.2010e-03   0.0000e+00   0.0000e+00   0.0000e+00   0.0000e+00   0.0000e+00
JES.AntiKt2HI_Bin64:             3.4033e-01   7.7786e-02  -9.5681e-04   0.0000e+00   0.0000e+00   0.0000e+00   0.0000e+00   0.0000e+00   0.0000e+00
JES.AntiKt2HI_Bin65:             2.5880e+00  -1.6258e+00   4.7631e-01  -5.8792e-02   2.6865e-03   0.0000e+00   0.0000e+00   0.0000e+00   0.0000e+00
JES.AntiKt2HI_Bin66:             1.6096e+00  -8.6259e-01   2.5902e-01  -3.1992e-02   1.4726e-03   0.0000e+00   0.0000e+00   0.0000e+00   0.0000e+00
JES.AntiKt2HI_Bin67:             6.0833e-01  -6.0500e-02   2.1907e-02  -1.2878e-03   0.0000e+00   0.0000e+00   0.0000e+00   0.0000e+00   0.0000e+00
JES.AntiKt2HI_Bin68:             3.5876e-01   6.3301e-02   0.0000e+00   0.0000e+00   0.0000e+00   0.0000e+00   0.0000e+00   0.0000e+00   0.0000e+00
JES.AntiKt2HI_Bin69:             9.0138e-02   2.2576e-01  -3.5279e-02   2.5057e-03   0.0000e+00   0.0000e+00   0.0000e+00   0.0000e+00   0.0000e+00
JES.AntiKt2HI_Bin70:            -6.4578e-01   5.9628e-01  -9.9784e-02   6.2255e-03   0.0000e+00   0.0000e+00   0.0000e+00   0.0000e+00   0.0000e+00
JES.AntiKt2HI_Bin71:             5.9365e-02   2.4032e-01  -4.2687e-02   3.3057e-03   0.0000e+00   0.0000e+00   0.0000e+00   0.0000e+00   0.0000e+00
JES.AntiKt2HI_Bin72:            -1.3394e+00   9.5243e-01  -1.6442e-01   1.0202e-02   0.0000e+00   0.0000e+00   0.0000e+00   0.0000e+00   0.0000e+00
JES.AntiKt2HI_Bin73:            -1.2285e+00   9.3231e-01  -1.6888e-01   1.0922e-02   0.0000e+00   0.0000e+00   0.0000e+00   0.0000e+00   0.0000e+00
JES.AntiKt2HI_Bin74:            -1.5384e+00   1.0846e+00  -1.9441e-01   1.2285e-02   0.0000e+00   0.0000e+00   0.0000e+00   0.0000e+00   0.0000e+00
JES.AntiKt2HI_Bin75:            -2.8820e+00   1.6835e+00  -2.8350e-01   1.6523e-02   0.0000e+00   0.0000e+00   0.0000e+00   0.0000e+00   0.0000e+00
JES.AntiKt2HI_Bin76:            -5.9530e-01   3.1449e-01  -2.1342e-02   0.0000e+00   0.0000e+00   0.0000e+00   0.0000e+00   0.0000e+00   0.0000e+00
JES.AntiKt2HI_Bin77:            -5.7295e-01   3.0061e-01  -2.2260e-02   0.0000e+00   0.0000e+00   0.0000e+00   0.0000e+00   0.0000e+00   0.0000e+00
JES.AntiKt2HI_Bin78:             1.3955e-01   5.1948e-02   0.0000e+00   0.0000e+00   0.0000e+00   0.0000e+00   0.0000e+00   0.0000e+00   0.0000e+00
JES.AntiKt2HI_Bin79:            -2.4635e+00   1.4381e+00  -2.3815e-01   1.3863e-02   0.0000e+00   0.0000e+00   0.0000e+00   0.0000e+00   0.0000e+00
JES.AntiKt2HI_Bin80:             9.0181e+00  -4.3206e+00   7.2872e-01  -4.0237e-02   0.0000e+00   0.0000e+00   0.0000e+00   0.0000e+00   0.0000e+00
JES.AntiKt2HI_Bin81:             1.1483e+01  -5.4664e+00   9.0403e-01  -4.9113e-02   0.0000e+00   0.0000e+00   0.0000e+00   0.0000e+00   0.0000e+00
JES.AntiKt2HI_Bin82:             1.7608e+01  -8.5621e+00   1.4177e+00  -7.7269e-02   0.0000e+00   0.0000e+00   0.0000e+00   0.0000e+00   0.0000e+00
JES.AntiKt2HI_Bin83:            -1.2922e+00   5.2087e-01  -3.6249e-02   0.0000e+00   0.0000e+00   0.0000e+00   0.0000e+00   0.0000e+00   0.0000e+00
JES.AntiKt2HI_Bin84:             2.7368e+00  -8.5039e-01   7.8791e-02   0.0000e+00   0.0000e+00   0.0000e+00   0.0000e+00   0.0000e+00   0.0000e+00
JES.AntiKt2HI_Bin85:            -2.5239e+00   8.7917e-01  -6.3637e-02   0.0000e+00   0.0000e+00   0.0000e+00   0.0000e+00   0.0000e+00   0.0000e+00
JES.AntiKt2HI_Bin86:             5.3062e+00  -1.6112e+00   1.3307e-01   0.0000e+00   0.0000e+00   0.0000e+00   0.0000e+00   0.0000e+00   0.0000e+00
JES.AntiKt2HI_Bin87:             6.2180e+00  -1.9020e+00   1.5586e-01   0.0000e+00   0.0000e+00   0.0000e+00   0.0000e+00   0.0000e+00   0.0000e+00
JES.AntiKt2HI_Bin88:             2.0534e-01   3.0822e-02   0.0000e+00   0.0000e+00   0.0000e+00   0.0000e+00   0.0000e+00   0.0000e+00   0.0000e+00
JES.AntiKt2HI_Bin89:             6.3942e-01  -3.8489e-02   0.0000e+00   0.0000e+00   0.0000e+00   0.0000e+00   0.0000e+00   0.0000e+00   0.0000e+00
JES.AntiKt2HI_Bin90:             6.3942e-01  -3.8489e-02   0.0000e+00   0.0000e+00   0.0000e+00   0.0000e+00   0.0000e+00   0.0000e+00   0.0000e+00


  #########
  # HI+JES calibration factors for
  # jet eta correction
  #
EtaCorr.AntiKt2HI_Bin0:         -1.5848e-01   4.1542e-02  -2.7032e-03   0.0000e+00   0.0000e+00   0.0000e+00   0.0000e+00   0.0000e+00   0.0000e+00
EtaCorr.AntiKt2HI_Bin1:         -1.0337e-01   2.7314e-02  -1.7983e-03   0.0000e+00   0.0000e+00   0.0000e+00   0.0000e+00   0.0000e+00   0.0000e+00
EtaCorr.AntiKt2HI_Bin2:         -1.7756e-01   5.1365e-02  -3.3948e-03   0.0000e+00   0.0000e+00   0.0000e+00   0.0000e+00   0.0000e+00   0.0000e+00
EtaCorr.AntiKt2HI_Bin3:          2.2145e-01  -5.6286e-02   3.6667e-03   0.0000e+00   0.0000e+00   0.0000e+00   0.0000e+00   0.0000e+00   0.0000e+00
EtaCorr.AntiKt2HI_Bin4:         -2.1214e+00   9.2256e-01  -1.3173e-01   6.1985e-03   0.0000e+00   0.0000e+00   0.0000e+00   0.0000e+00   0.0000e+00
EtaCorr.AntiKt2HI_Bin5:         -1.8183e+00   7.8830e-01  -1.1206e-01   5.2475e-03   0.0000e+00   0.0000e+00   0.0000e+00   0.0000e+00   0.0000e+00
EtaCorr.AntiKt2HI_Bin6:         -1.5626e+00   6.9577e-01  -1.0177e-01   4.9008e-03   0.0000e+00   0.0000e+00   0.0000e+00   0.0000e+00   0.0000e+00
EtaCorr.AntiKt2HI_Bin7:          1.6858e-02  -2.1450e-03   0.0000e+00   0.0000e+00   0.0000e+00   0.0000e+00   0.0000e+00   0.0000e+00   0.0000e+00
EtaCorr.AntiKt2HI_Bin8:          1.7564e-02  -2.3838e-03   0.0000e+00   0.0000e+00   0.0000e+00   0.0000e+00   0.0000e+00   0.0000e+00   0.0000e+00
EtaCorr.AntiKt2HI_Bin9:          4.5017e-02  -1.3619e-02   9.1488e-04   0.0000e+00   0.0000e+00   0.0000e+00   0.0000e+00   0.0000e+00   0.0000e+00
EtaCorr.AntiKt2HI_Bin10:         5.2433e-01  -2.4485e-01   3.6578e-02  -1.7974e-03   0.0000e+00   0.0000e+00   0.0000e+00   0.0000e+00   0.0000e+00
EtaCorr.AntiKt2HI_Bin11:         8.2789e-02  -2.7593e-02   1.9172e-03   0.0000e+00   0.0000e+00   0.0000e+00   0.0000e+00   0.0000e+00   0.0000e+00
EtaCorr.AntiKt2HI_Bin12:        -8.1018e-01   3.8612e-01  -6.0159e-02   3.0607e-03   0.0000e+00   0.0000e+00   0.0000e+00   0.0000e+00   0.0000e+00
EtaCorr.AntiKt2HI_Bin13:        -6.6694e-01   3.4491e-01  -5.5950e-02   2.9393e-03   0.0000e+00   0.0000e+00   0.0000e+00   0.0000e+00   0.0000e+00
EtaCorr.AntiKt2HI_Bin14:        -1.9870e-01   1.0414e-01  -1.6723e-02   8.7129e-04   0.0000e+00   0.0000e+00   0.0000e+00   0.0000e+00   0.0000e+00
EtaCorr.AntiKt2HI_Bin15:        -1.0911e-01   6.9539e-02  -1.2595e-02   7.1512e-04   0.0000e+00   0.0000e+00   0.0000e+00   0.0000e+00   0.0000e+00
EtaCorr.AntiKt2HI_Bin16:         1.3501e-02  -6.8172e-04   0.0000e+00   0.0000e+00   0.0000e+00   0.0000e+00   0.0000e+00   0.0000e+00   0.0000e+00
EtaCorr.AntiKt2HI_Bin17:        -6.4298e-02   4.7796e-02  -9.3070e-03   5.5570e-04   0.0000e+00   0.0000e+00   0.0000e+00   0.0000e+00   0.0000e+00
EtaCorr.AntiKt2HI_Bin18:         3.6923e-02  -7.6514e-03   5.5943e-04   0.0000e+00   0.0000e+00   0.0000e+00   0.0000e+00   0.0000e+00   0.0000e+00
EtaCorr.AntiKt2HI_Bin19:        -1.5370e-01   9.1399e-02  -1.6689e-02   9.4802e-04   0.0000e+00   0.0000e+00   0.0000e+00   0.0000e+00   0.0000e+00
EtaCorr.AntiKt2HI_Bin20:        -7.6382e-02   4.7826e-02  -8.8477e-03   5.1003e-04   0.0000e+00   0.0000e+00   0.0000e+00   0.0000e+00   0.0000e+00
EtaCorr.AntiKt2HI_Bin21:         3.3522e-02  -7.9293e-03   4.9535e-04   0.0000e+00   0.0000e+00   0.0000e+00   0.0000e+00   0.0000e+00   0.0000e+00
EtaCorr.AntiKt2HI_Bin22:         2.6312e-02  -6.8908e-03   4.7048e-04   0.0000e+00   0.0000e+00   0.0000e+00   0.0000e+00   0.0000e+00   0.0000e+00
EtaCorr.AntiKt2HI_Bin23:         2.3933e-02  -6.5588e-03   4.6013e-04   0.0000e+00   0.0000e+00   0.0000e+00   0.0000e+00   0.0000e+00   0.0000e+00
EtaCorr.AntiKt2HI_Bin24:         2.3053e-02  -5.8882e-03   3.7799e-04   0.0000e+00   0.0000e+00   0.0000e+00   0.0000e+00   0.0000e+00   0.0000e+00
EtaCorr.AntiKt2HI_Bin25:         3.2237e-02  -1.2874e-02   1.8672e-03  -9.9018e-05   0.0000e+00   0.0000e+00   0.0000e+00   0.0000e+00   0.0000e+00
EtaCorr.AntiKt2HI_Bin26:         4.3722e-02  -1.7954e-02   2.5520e-03  -1.2584e-04   0.0000e+00   0.0000e+00   0.0000e+00   0.0000e+00   0.0000e+00
EtaCorr.AntiKt2HI_Bin27:         5.1330e-02  -2.5079e-02   4.0678e-03  -2.1912e-04   0.0000e+00   0.0000e+00   0.0000e+00   0.0000e+00   0.0000e+00
EtaCorr.AntiKt2HI_Bin28:         5.3467e-02  -2.2165e-02   3.2393e-03  -1.5902e-04   0.0000e+00   0.0000e+00   0.0000e+00   0.0000e+00   0.0000e+00
EtaCorr.AntiKt2HI_Bin29:         8.0814e-02  -3.8380e-02   6.2749e-03  -3.3169e-04   0.0000e+00   0.0000e+00   0.0000e+00   0.0000e+00   0.0000e+00
EtaCorr.AntiKt2HI_Bin30:         2.2961e-02  -4.5852e-03   2.4122e-04   0.0000e+00   0.0000e+00   0.0000e+00   0.0000e+00   0.0000e+00   0.0000e+00
EtaCorr.AntiKt2HI_Bin31:         3.8021e-02  -7.8692e-03   4.8709e-04   0.0000e+00   0.0000e+00   0.0000e+00   0.0000e+00   0.0000e+00   0.0000e+00
EtaCorr.AntiKt2HI_Bin32:         2.4104e-02  -4.7079e-03   2.5560e-04   0.0000e+00   0.0000e+00   0.0000e+00   0.0000e+00   0.0000e+00   0.0000e+00
EtaCorr.AntiKt2HI_Bin33:         2.9860e-02  -1.1884e-02   1.9246e-03  -1.0753e-04   0.0000e+00   0.0000e+00   0.0000e+00   0.0000e+00   0.0000e+00
EtaCorr.AntiKt2HI_Bin34:         1.7214e-02  -5.2437e-03   3.9395e-04   0.0000e+00   0.0000e+00   0.0000e+00   0.0000e+00   0.0000e+00   0.0000e+00
EtaCorr.AntiKt2HI_Bin35:        -1.4071e-03   7.3761e-03  -2.0470e-03   1.3388e-04   0.0000e+00   0.0000e+00   0.0000e+00   0.0000e+00   0.0000e+00
EtaCorr.AntiKt2HI_Bin36:         2.8498e-02  -7.4217e-03   4.9722e-04   0.0000e+00   0.0000e+00   0.0000e+00   0.0000e+00   0.0000e+00   0.0000e+00
EtaCorr.AntiKt2HI_Bin37:         2.2189e-02  -5.2691e-03   3.5635e-04   0.0000e+00   0.0000e+00   0.0000e+00   0.0000e+00   0.0000e+00   0.0000e+00
EtaCorr.AntiKt2HI_Bin38:         1.6797e-02  -4.1123e-03   3.0207e-04   0.0000e+00   0.0000e+00   0.0000e+00   0.0000e+00   0.0000e+00   0.0000e+00
EtaCorr.AntiKt2HI_Bin39:         1.0287e-02  -1.9047e-03   9.5558e-05   0.0000e+00   0.0000e+00   0.0000e+00   0.0000e+00   0.0000e+00   0.0000e+00
EtaCorr.AntiKt2HI_Bin40:         1.8444e-02  -7.7216e-03   1.2421e-03  -6.7642e-05   0.0000e+00   0.0000e+00   0.0000e+00   0.0000e+00   0.0000e+00
EtaCorr.AntiKt2HI_Bin41:         2.7086e-04   2.6449e-03  -7.3443e-04   5.1122e-05   0.0000e+00   0.0000e+00   0.0000e+00   0.0000e+00   0.0000e+00
EtaCorr.AntiKt2HI_Bin42:         1.4707e-02  -6.7347e-03   1.1408e-03  -6.7012e-05   0.0000e+00   0.0000e+00   0.0000e+00   0.0000e+00   0.0000e+00
EtaCorr.AntiKt2HI_Bin43:         5.7653e-03  -2.0311e-03   1.7995e-04   0.0000e+00   0.0000e+00   0.0000e+00   0.0000e+00   0.0000e+00   0.0000e+00
EtaCorr.AntiKt2HI_Bin44:        -1.0895e-03   2.5840e-04   0.0000e+00   0.0000e+00   0.0000e+00   0.0000e+00   0.0000e+00   0.0000e+00   0.0000e+00
EtaCorr.AntiKt2HI_Bin45:        -2.0733e-03   5.4542e-04  -8.0124e-05   0.0000e+00   0.0000e+00   0.0000e+00   0.0000e+00   0.0000e+00   0.0000e+00
EtaCorr.AntiKt2HI_Bin46:         1.0713e-02  -8.0960e-03   1.6779e-03  -1.0421e-04   0.0000e+00   0.0000e+00   0.0000e+00   0.0000e+00   0.0000e+00
EtaCorr.AntiKt2HI_Bin47:        -1.0164e-02   3.0434e-03  -2.7565e-04   0.0000e+00   0.0000e+00   0.0000e+00   0.0000e+00   0.0000e+00   0.0000e+00
EtaCorr.AntiKt2HI_Bin48:        -2.5301e-03  -2.3026e-03   7.4617e-04  -5.6657e-05   0.0000e+00   0.0000e+00   0.0000e+00   0.0000e+00   0.0000e+00
EtaCorr.AntiKt2HI_Bin49:        -2.8994e-02   1.2447e-02  -1.9636e-03   1.0143e-04   0.0000e+00   0.0000e+00   0.0000e+00   0.0000e+00   0.0000e+00
EtaCorr.AntiKt2HI_Bin50:        -1.7469e-02   4.4380e-03  -3.3292e-04   0.0000e+00   0.0000e+00   0.0000e+00   0.0000e+00   0.0000e+00   0.0000e+00
EtaCorr.AntiKt2HI_Bin51:        -1.9212e-02   4.5665e-03  -3.3844e-04   0.0000e+00   0.0000e+00   0.0000e+00   0.0000e+00   0.0000e+00   0.0000e+00
EtaCorr.AntiKt2HI_Bin52:        -2.0364e-02   2.6708e-03   3.3475e-04  -5.7001e-05   0.0000e+00   0.0000e+00   0.0000e+00   0.0000e+00   0.0000e+00
EtaCorr.AntiKt2HI_Bin53:        -1.6070e-02  -3.6119e-04   9.6516e-04  -8.8629e-05   0.0000e+00   0.0000e+00   0.0000e+00   0.0000e+00   0.0000e+00
EtaCorr.AntiKt2HI_Bin54:         8.9786e-03  -1.3029e-02   3.3461e-03  -2.2997e-04   0.0000e+00   0.0000e+00   0.0000e+00   0.0000e+00   0.0000e+00
EtaCorr.AntiKt2HI_Bin55:        -1.6762e-02   2.8361e-03   4.3389e-04  -7.5622e-05   0.0000e+00   0.0000e+00   0.0000e+00   0.0000e+00   0.0000e+00
EtaCorr.AntiKt2HI_Bin56:        -1.8278e-02   4.1839e-03  -3.3142e-04   0.0000e+00   0.0000e+00   0.0000e+00   0.0000e+00   0.0000e+00   0.0000e+00
EtaCorr.AntiKt2HI_Bin57:        -3.7932e-02   9.5244e-03  -6.9859e-04   0.0000e+00   0.0000e+00   0.0000e+00   0.0000e+00   0.0000e+00   0.0000e+00
EtaCorr.AntiKt2HI_Bin58:        -4.1094e-02   9.0558e-03  -6.1365e-04   0.0000e+00   0.0000e+00   0.0000e+00   0.0000e+00   0.0000e+00   0.0000e+00
EtaCorr.AntiKt2HI_Bin59:         6.0957e-03  -1.1933e-02   2.8038e-03  -1.8784e-04   0.0000e+00   0.0000e+00   0.0000e+00   0.0000e+00   0.0000e+00
EtaCorr.AntiKt2HI_Bin60:        -9.2857e-02   4.4862e-02  -7.4664e-03   4.0431e-04   0.0000e+00   0.0000e+00   0.0000e+00   0.0000e+00   0.0000e+00
EtaCorr.AntiKt2HI_Bin61:        -1.8386e-02   3.8143e-03  -2.2011e-04   0.0000e+00   0.0000e+00   0.0000e+00   0.0000e+00   0.0000e+00   0.0000e+00
EtaCorr.AntiKt2HI_Bin62:        -8.4428e-02   4.1431e-02  -6.7525e-03   3.6458e-04   0.0000e+00   0.0000e+00   0.0000e+00   0.0000e+00   0.0000e+00
EtaCorr.AntiKt2HI_Bin63:        -2.8355e-02   8.1379e-03  -5.9939e-04   0.0000e+00   0.0000e+00   0.0000e+00   0.0000e+00   0.0000e+00   0.0000e+00
EtaCorr.AntiKt2HI_Bin64:        -3.9711e-02   1.1580e-02  -8.6330e-04   0.0000e+00   0.0000e+00   0.0000e+00   0.0000e+00   0.0000e+00   0.0000e+00
EtaCorr.AntiKt2HI_Bin65:        -2.1990e-02   5.4838e-03  -3.4252e-04   0.0000e+00   0.0000e+00   0.0000e+00   0.0000e+00   0.0000e+00   0.0000e+00
EtaCorr.AntiKt2HI_Bin66:        -2.2902e-02   5.9594e-03  -3.9951e-04   0.0000e+00   0.0000e+00   0.0000e+00   0.0000e+00   0.0000e+00   0.0000e+00
EtaCorr.AntiKt2HI_Bin67:        -3.1014e-02   8.1552e-03  -5.5869e-04   0.0000e+00   0.0000e+00   0.0000e+00   0.0000e+00   0.0000e+00   0.0000e+00
EtaCorr.AntiKt2HI_Bin68:         9.6055e-04  -1.0226e-02   2.5961e-03  -1.7313e-04   0.0000e+00   0.0000e+00   0.0000e+00   0.0000e+00   0.0000e+00
EtaCorr.AntiKt2HI_Bin69:        -4.0182e-02   1.0294e-02  -6.7261e-04   0.0000e+00   0.0000e+00   0.0000e+00   0.0000e+00   0.0000e+00   0.0000e+00
EtaCorr.AntiKt2HI_Bin70:         9.1979e-02  -6.0303e-02   1.1526e-02  -6.6650e-04   0.0000e+00   0.0000e+00   0.0000e+00   0.0000e+00   0.0000e+00
EtaCorr.AntiKt2HI_Bin71:         7.5098e-02  -4.6709e-02   7.9805e-03  -4.3404e-04   0.0000e+00   0.0000e+00   0.0000e+00   0.0000e+00   0.0000e+00
EtaCorr.AntiKt2HI_Bin72:         8.8664e-02  -5.7966e-02   1.0610e-02  -6.0556e-04   0.0000e+00   0.0000e+00   0.0000e+00   0.0000e+00   0.0000e+00
EtaCorr.AntiKt2HI_Bin73:         1.5536e-02  -8.8647e-03   7.6722e-04   0.0000e+00   0.0000e+00   0.0000e+00   0.0000e+00   0.0000e+00   0.0000e+00
EtaCorr.AntiKt2HI_Bin74:         9.7521e-02  -6.3718e-02   1.1624e-02  -6.6390e-04   0.0000e+00   0.0000e+00   0.0000e+00   0.0000e+00   0.0000e+00
EtaCorr.AntiKt2HI_Bin75:         6.0379e-02  -4.1636e-02   7.5222e-03  -4.3372e-04   0.0000e+00   0.0000e+00   0.0000e+00   0.0000e+00   0.0000e+00
EtaCorr.AntiKt2HI_Bin76:         6.0443e-01  -3.1950e-01   5.2311e-02  -2.7598e-03   0.0000e+00   0.0000e+00   0.0000e+00   0.0000e+00   0.0000e+00
EtaCorr.AntiKt2HI_Bin77:         6.5594e-01  -3.2210e-01   5.1287e-02  -2.6501e-03   0.0000e+00   0.0000e+00   0.0000e+00   0.0000e+00   0.0000e+00
EtaCorr.AntiKt2HI_Bin78:        -4.8269e-02   1.7891e-02  -1.2541e-03   0.0000e+00   0.0000e+00   0.0000e+00   0.0000e+00   0.0000e+00   0.0000e+00
EtaCorr.AntiKt2HI_Bin79:        -6.5776e-01   2.9798e-01  -4.3645e-02   2.1101e-03   0.0000e+00   0.0000e+00   0.0000e+00   0.0000e+00   0.0000e+00
EtaCorr.AntiKt2HI_Bin80:        -9.1944e-02   2.6992e-02  -1.8771e-03   0.0000e+00   0.0000e+00   0.0000e+00   0.0000e+00   0.0000e+00   0.0000e+00
EtaCorr.AntiKt2HI_Bin81:        -9.0309e-02   2.4321e-02  -1.6258e-03   0.0000e+00   0.0000e+00   0.0000e+00   0.0000e+00   0.0000e+00   0.0000e+00
EtaCorr.AntiKt2HI_Bin82:         6.3184e-01  -2.9264e-01   4.4041e-02  -2.1622e-03   0.0000e+00   0.0000e+00   0.0000e+00   0.0000e+00   0.0000e+00
EtaCorr.AntiKt2HI_Bin83:         6.6603e-01  -3.0104e-01   4.4178e-02  -2.1206e-03   0.0000e+00   0.0000e+00   0.0000e+00   0.0000e+00   0.0000e+00
EtaCorr.AntiKt2HI_Bin84:        -2.0604e-02   1.5683e-03   0.0000e+00   0.0000e+00   0.0000e+00   0.0000e+00   0.0000e+00   0.0000e+00   0.0000e+00
EtaCorr.AntiKt2HI_Bin85:         1.1119e+00  -4.6906e-01   6.4896e-02  -2.9781e-03   0.0000e+00   0.0000e+00   0.0000e+00   0.0000e+00   0.0000e+00
EtaCorr.AntiKt2HI_Bin86:         1.4268e-02  -3.1727e-03   0.0000e+00   0.0000e+00   0.0000e+00   0.0000e+00   0.0000e+00   0.0000e+00   0.0000e+00
EtaCorr.AntiKt2HI_Bin87:         2.8640e+00  -1.2147e+00   1.6957e-01  -7.8266e-03   0.0000e+00   0.0000e+00   0.0000e+00   0.0000e+00   0.0000e+00
EtaCorr.AntiKt2HI_Bin88:        -2.7392e-03   0.0000e+00   0.0000e+00   0.0000e+00   0.0000e+00   0.0000e+00   0.0000e+00   0.0000e+00   0.0000e+00
EtaCorr.AntiKt2HI_Bin89:         7.0934e-04   0.0000e+00   0.0000e+00   0.0000e+00   0.0000e+00   0.0000e+00   0.0000e+00   0.0000e+00   0.0000e+00
EtaCorr.AntiKt2HI_Bin90:         7.0934e-04   0.0000e+00   0.0000e+00   0.0000e+00   0.0000e+00   0.0000e+00   0.0000e+00   0.0000e+00   0.0000e+00


  #########
  # HI+JES calibration factors for
  # jet energy correction
  #
JES.AntiKt4HI_Bin0:              2.8615e-01   4.2124e-02   0.0000e+00   0.0000e+00   0.0000e+00   0.0000e+00   0.0000e+00   0.0000e+00   0.0000e+00
JES.AntiKt4HI_Bin1:             -1.3987e+02   6.4830e+01  -9.9682e+00   5.1060e-01   0.0000e+00   0.0000e+00   0.0000e+00   0.0000e+00   0.0000e+00
JES.AntiKt4HI_Bin2:              1.6695e+00  -3.9304e-01   3.5335e-02   0.0000e+00   0.0000e+00   0.0000e+00   0.0000e+00   0.0000e+00   0.0000e+00
JES.AntiKt4HI_Bin3:              2.5105e+00  -6.6915e-01   5.8002e-02   0.0000e+00   0.0000e+00   0.0000e+00   0.0000e+00   0.0000e+00   0.0000e+00
JES.AntiKt4HI_Bin4:              2.3365e-01   5.8817e-02   0.0000e+00   0.0000e+00   0.0000e+00   0.0000e+00   0.0000e+00   0.0000e+00   0.0000e+00
JES.AntiKt4HI_Bin5:              2.5711e+00  -6.9904e-01   6.1356e-02   0.0000e+00   0.0000e+00   0.0000e+00   0.0000e+00   0.0000e+00   0.0000e+00
JES.AntiKt4HI_Bin6:              1.9496e+01  -8.9295e+00   1.3907e+00  -7.1200e-02   0.0000e+00   0.0000e+00   0.0000e+00   0.0000e+00   0.0000e+00
JES.AntiKt4HI_Bin7:              2.0188e+01  -9.4645e+00   1.5113e+00  -7.9455e-02   0.0000e+00   0.0000e+00   0.0000e+00   0.0000e+00   0.0000e+00
JES.AntiKt4HI_Bin8:              1.2354e+01  -5.8890e+00   9.7300e-01  -5.2648e-02   0.0000e+00   0.0000e+00   0.0000e+00   0.0000e+00   0.0000e+00
JES.AntiKt4HI_Bin9:              6.3201e+00  -3.0235e+00   5.2051e-01  -2.8873e-02   0.0000e+00   0.0000e+00   0.0000e+00   0.0000e+00   0.0000e+00
JES.AntiKt4HI_Bin10:             7.4362e-02   9.2556e-02   0.0000e+00   0.0000e+00   0.0000e+00   0.0000e+00   0.0000e+00   0.0000e+00   0.0000e+00
JES.AntiKt4HI_Bin11:             2.2511e-01   4.9938e-02   0.0000e+00   0.0000e+00   0.0000e+00   0.0000e+00   0.0000e+00   0.0000e+00   0.0000e+00
JES.AntiKt4HI_Bin12:             1.7436e-01   5.4666e-02   0.0000e+00   0.0000e+00   0.0000e+00   0.0000e+00   0.0000e+00   0.0000e+00   0.0000e+00
JES.AntiKt4HI_Bin13:             6.8352e+00  -3.4791e+00   6.2228e-01  -3.6089e-02   0.0000e+00   0.0000e+00   0.0000e+00   0.0000e+00   0.0000e+00
JES.AntiKt4HI_Bin14:             7.8158e+01  -5.3710e+01   1.3822e+01  -1.5688e+00   6.6365e-02   0.0000e+00   0.0000e+00   0.0000e+00   0.0000e+00
JES.AntiKt4HI_Bin15:             4.5558e+01  -3.1120e+01   7.9932e+00  -9.0381e-01   3.8049e-02   0.0000e+00   0.0000e+00   0.0000e+00   0.0000e+00
JES.AntiKt4HI_Bin16:             2.6788e-01   7.2339e-02   0.0000e+00   0.0000e+00   0.0000e+00   0.0000e+00   0.0000e+00   0.0000e+00   0.0000e+00
JES.AntiKt4HI_Bin17:             1.7296e+01  -1.1976e+01   3.1732e+00  -3.6841e-01   1.5908e-02   0.0000e+00   0.0000e+00   0.0000e+00   0.0000e+00
JES.AntiKt4HI_Bin18:             1.2575e+00  -4.5931e-01   9.6685e-02  -5.8213e-03   0.0000e+00   0.0000e+00   0.0000e+00   0.0000e+00   0.0000e+00
JES.AntiKt4HI_Bin19:             8.1632e-01  -2.2973e-01   5.8986e-02  -3.8452e-03   0.0000e+00   0.0000e+00   0.0000e+00   0.0000e+00   0.0000e+00
JES.AntiKt4HI_Bin20:             1.0003e+00  -3.2448e-01   7.6059e-02  -4.8286e-03   0.0000e+00   0.0000e+00   0.0000e+00   0.0000e+00   0.0000e+00
JES.AntiKt4HI_Bin21:             1.4824e-01   1.4537e-01  -7.0125e-03   0.0000e+00   0.0000e+00   0.0000e+00   0.0000e+00   0.0000e+00   0.0000e+00
JES.AntiKt4HI_Bin22:             1.2679e-01   1.5873e-01  -8.3904e-03   0.0000e+00   0.0000e+00   0.0000e+00   0.0000e+00   0.0000e+00   0.0000e+00
JES.AntiKt4HI_Bin23:             1.2386e-01   1.6040e-01  -8.6170e-03   0.0000e+00   0.0000e+00   0.0000e+00   0.0000e+00   0.0000e+00   0.0000e+00
JES.AntiKt4HI_Bin24:             1.3589e-01   1.5632e-01  -8.2064e-03   0.0000e+00   0.0000e+00   0.0000e+00   0.0000e+00   0.0000e+00   0.0000e+00
JES.AntiKt4HI_Bin25:             1.1190e+00  -5.9483e-01   2.0400e-01  -2.6221e-02   1.1984e-03   0.0000e+00   0.0000e+00   0.0000e+00   0.0000e+00
JES.AntiKt4HI_Bin26:             1.6170e+00  -1.0143e+00   3.3308e-01  -4.3424e-02   2.0368e-03   0.0000e+00   0.0000e+00   0.0000e+00   0.0000e+00
JES.AntiKt4HI_Bin27:             1.2854e-01   1.5625e-01  -8.0413e-03   0.0000e+00   0.0000e+00   0.0000e+00   0.0000e+00   0.0000e+00   0.0000e+00
JES.AntiKt4HI_Bin28:             1.1411e+01  -1.1087e+01   4.4052e+00  -8.5436e-01   8.1607e-02  -3.0789e-03   0.0000e+00   0.0000e+00   0.0000e+00
JES.AntiKt4HI_Bin29:             1.1891e+00  -6.9965e-01   2.4097e-01  -3.1825e-02   1.5062e-03   0.0000e+00   0.0000e+00   0.0000e+00   0.0000e+00
JES.AntiKt4HI_Bin30:             1.5019e-01   1.3510e-01  -7.0529e-03   0.0000e+00   0.0000e+00   0.0000e+00   0.0000e+00   0.0000e+00   0.0000e+00
JES.AntiKt4HI_Bin31:             5.6622e+00  -5.5715e+00   2.2973e+00  -4.5410e-01   4.3835e-02  -1.6612e-03   0.0000e+00   0.0000e+00   0.0000e+00
JES.AntiKt4HI_Bin32:             3.3571e+00  -3.2499e+00   1.3873e+00  -2.7874e-01   2.7266e-02  -1.0475e-03   0.0000e+00   0.0000e+00   0.0000e+00
JES.AntiKt4HI_Bin33:             3.5760e-01  -4.7318e-02   5.8647e-02  -9.2096e-03   4.6602e-04   0.0000e+00   0.0000e+00   0.0000e+00   0.0000e+00
JES.AntiKt4HI_Bin34:             2.4216e+00  -2.2784e+00   1.0109e+00  -2.0902e-01   2.1010e-02  -8.2802e-04   0.0000e+00   0.0000e+00   0.0000e+00
JES.AntiKt4HI_Bin35:             1.4046e-01   1.7910e-01  -1.6373e-02   5.8278e-04   0.0000e+00   0.0000e+00   0.0000e+00   0.0000e+00   0.0000e+00
JES.AntiKt4HI_Bin36:             2.1927e+00  -2.0465e+00   9.2575e-01  -1.9358e-01   1.9534e-02  -7.6959e-04   0.0000e+00   0.0000e+00   0.0000e+00
JES.AntiKt4HI_Bin37:             1.5940e-01   1.8458e-01  -1.7358e-02   6.3256e-04   0.0000e+00   0.0000e+00   0.0000e+00   0.0000e+00   0.0000e+00
JES.AntiKt4HI_Bin38:             3.5883e-01   1.7438e-02   3.9021e-02  -7.4875e-03   4.2119e-04   0.0000e+00   0.0000e+00   0.0000e+00   0.0000e+00
JES.AntiKt4HI_Bin39:             2.3384e+00  -2.2482e+00   1.0537e+00  -2.2860e-01   2.3891e-02  -9.7299e-04   0.0000e+00   0.0000e+00   0.0000e+00
JES.AntiKt4HI_Bin40:             1.6203e+00  -1.4276e+00   6.9503e-01  -1.5247e-01   1.6007e-02  -6.5348e-04   0.0000e+00   0.0000e+00   0.0000e+00
JES.AntiKt4HI_Bin41:             2.1659e-01   1.8753e-01  -1.9642e-02   7.8776e-04   0.0000e+00   0.0000e+00   0.0000e+00   0.0000e+00   0.0000e+00
JES.AntiKt4HI_Bin42:             3.1923e-01   8.8693e-02   1.4931e-02  -4.3317e-03   2.7261e-04   0.0000e+00   0.0000e+00   0.0000e+00   0.0000e+00
JES.AntiKt4HI_Bin43:             1.4995e+00  -1.3099e+00   6.5564e-01  -1.4675e-01   1.5674e-02  -6.5019e-04   0.0000e+00   0.0000e+00   0.0000e+00
JES.AntiKt4HI_Bin44:             2.2402e-01   1.8354e-01  -1.9506e-02   7.9343e-04   0.0000e+00   0.0000e+00   0.0000e+00   0.0000e+00   0.0000e+00
JES.AntiKt4HI_Bin45:             1.8915e-01   2.0422e-01  -2.3629e-02   1.0583e-03   0.0000e+00   0.0000e+00   0.0000e+00   0.0000e+00   0.0000e+00
JES.AntiKt4HI_Bin46:             2.8534e-01   1.1810e-01   5.1424e-03  -2.9599e-03   2.0276e-04   0.0000e+00   0.0000e+00   0.0000e+00   0.0000e+00
JES.AntiKt4HI_Bin47:             2.9656e-01   1.1070e-01   6.8550e-03  -3.0828e-03   2.0358e-04   0.0000e+00   0.0000e+00   0.0000e+00   0.0000e+00
JES.AntiKt4HI_Bin48:             1.4145e+00  -1.1978e+00   5.9816e-01  -1.3291e-01   1.4096e-02  -5.8114e-04   0.0000e+00   0.0000e+00   0.0000e+00
JES.AntiKt4HI_Bin49:             2.1082e-01   1.8463e-01  -1.8596e-02   7.1969e-04   0.0000e+00   0.0000e+00   0.0000e+00   0.0000e+00   0.0000e+00
JES.AntiKt4HI_Bin50:             2.1973e+00  -2.0890e+00   9.8451e-01  -2.1423e-01   2.2453e-02  -9.1718e-04   0.0000e+00   0.0000e+00   0.0000e+00
JES.AntiKt4HI_Bin51:             1.9591e-01   1.7379e-01  -1.5025e-02   4.5413e-04   0.0000e+00   0.0000e+00   0.0000e+00   0.0000e+00   0.0000e+00
JES.AntiKt4HI_Bin52:             1.5116e+00  -1.2976e+00   6.1293e-01  -1.2996e-01   1.3225e-02  -5.2501e-04   0.0000e+00   0.0000e+00   0.0000e+00
JES.AntiKt4HI_Bin53:             1.5302e-01   1.7714e-01  -1.6028e-02   5.5750e-04   0.0000e+00   0.0000e+00   0.0000e+00   0.0000e+00   0.0000e+00
JES.AntiKt4HI_Bin54:             1.5930e-01   1.6458e-01  -1.3076e-02   3.4563e-04   0.0000e+00   0.0000e+00   0.0000e+00   0.0000e+00   0.0000e+00
JES.AntiKt4HI_Bin55:             2.5381e+00  -2.3908e+00   1.0529e+00  -2.1644e-01   2.1619e-02  -8.4616e-04   0.0000e+00   0.0000e+00   0.0000e+00
JES.AntiKt4HI_Bin56:             1.3112e-01   1.5919e-01  -7.9136e-03   0.0000e+00   0.0000e+00   0.0000e+00   0.0000e+00   0.0000e+00   0.0000e+00
JES.AntiKt4HI_Bin57:             8.6061e-02   1.7237e-01  -9.2227e-03   0.0000e+00   0.0000e+00   0.0000e+00   0.0000e+00   0.0000e+00   0.0000e+00
JES.AntiKt4HI_Bin58:             6.1219e+00  -6.0544e+00   2.4978e+00  -4.9464e-01   4.7821e-02  -1.8136e-03   0.0000e+00   0.0000e+00   0.0000e+00
JES.AntiKt4HI_Bin59:             3.8519e-02   2.0758e-01  -2.1667e-02   9.5286e-04   0.0000e+00   0.0000e+00   0.0000e+00   0.0000e+00   0.0000e+00
JES.AntiKt4HI_Bin60:             1.7216e+00  -1.1507e+00   3.8127e-01  -5.0692e-02   2.4332e-03   0.0000e+00   0.0000e+00   0.0000e+00   0.0000e+00
JES.AntiKt4HI_Bin61:             8.2919e+00  -7.8244e+00   3.0642e+00  -5.8320e-01   5.4609e-02  -2.0192e-03   0.0000e+00   0.0000e+00   0.0000e+00
JES.AntiKt4HI_Bin62:             1.0404e+00  -5.5137e-01   1.9355e-01  -2.5006e-02   1.1416e-03   0.0000e+00   0.0000e+00   0.0000e+00   0.0000e+00
JES.AntiKt4HI_Bin63:             1.4501e+00  -8.6104e-01   2.8200e-01  -3.6104e-02   1.6555e-03   0.0000e+00   0.0000e+00   0.0000e+00   0.0000e+00
JES.AntiKt4HI_Bin64:             1.3695e-01   1.5684e-01  -8.1805e-03   0.0000e+00   0.0000e+00   0.0000e+00   0.0000e+00   0.0000e+00   0.0000e+00
JES.AntiKt4HI_Bin65:             1.3083e-01   1.5952e-01  -8.6131e-03   0.0000e+00   0.0000e+00   0.0000e+00   0.0000e+00   0.0000e+00   0.0000e+00
JES.AntiKt4HI_Bin66:             1.2733e-01   1.6015e-01  -8.6708e-03   0.0000e+00   0.0000e+00   0.0000e+00   0.0000e+00   0.0000e+00   0.0000e+00
JES.AntiKt4HI_Bin67:             1.2296e-01   1.5976e-01  -8.4779e-03   0.0000e+00   0.0000e+00   0.0000e+00   0.0000e+00   0.0000e+00   0.0000e+00
JES.AntiKt4HI_Bin68:             3.8155e+00  -2.5217e+00   7.1192e-01  -8.5220e-02   3.7500e-03   0.0000e+00   0.0000e+00   0.0000e+00   0.0000e+00
JES.AntiKt4HI_Bin69:             5.3957e+00  -3.5632e+00   9.6237e-01  -1.1163e-01   4.7820e-03   0.0000e+00   0.0000e+00   0.0000e+00   0.0000e+00
JES.AntiKt4HI_Bin70:             5.9813e+00  -4.0401e+00   1.1037e+00  -1.3007e-01   5.6705e-03   0.0000e+00   0.0000e+00   0.0000e+00   0.0000e+00
JES.AntiKt4HI_Bin71:             6.4780e-01  -7.1932e-02   4.3515e-03   3.9635e-03  -3.9052e-04   0.0000e+00   0.0000e+00   0.0000e+00   0.0000e+00
JES.AntiKt4HI_Bin72:             1.9489e+01  -1.3545e+01   3.5909e+00  -4.1749e-01   1.8054e-02   0.0000e+00   0.0000e+00   0.0000e+00   0.0000e+00
JES.AntiKt4HI_Bin73:             2.0981e+01  -1.4249e+01   3.6839e+00  -4.1793e-01   1.7642e-02   0.0000e+00   0.0000e+00   0.0000e+00   0.0000e+00
JES.AntiKt4HI_Bin74:             3.6634e+01  -2.4917e+01   6.3922e+00  -7.2226e-01   3.0423e-02   0.0000e+00   0.0000e+00   0.0000e+00   0.0000e+00
JES.AntiKt4HI_Bin75:             7.4961e+01  -5.1557e+01   1.3285e+01  -1.5100e+00   6.3975e-02   0.0000e+00   0.0000e+00   0.0000e+00   0.0000e+00
JES.AntiKt4HI_Bin76:             1.0280e+01  -5.3332e+00   9.5331e-01  -5.5706e-02   0.0000e+00   0.0000e+00   0.0000e+00   0.0000e+00   0.0000e+00
JES.AntiKt4HI_Bin77:             5.3638e+00  -2.8495e+00   5.3942e-01  -3.3253e-02   0.0000e+00   0.0000e+00   0.0000e+00   0.0000e+00   0.0000e+00
JES.AntiKt4HI_Bin78:             4.6253e-01  -3.3206e-02   7.3218e-03   0.0000e+00   0.0000e+00   0.0000e+00   0.0000e+00   0.0000e+00   0.0000e+00
JES.AntiKt4HI_Bin79:             6.9884e-02   9.3436e-02   0.0000e+00   0.0000e+00   0.0000e+00   0.0000e+00   0.0000e+00   0.0000e+00   0.0000e+00
JES.AntiKt4HI_Bin80:             5.0701e+00  -2.3874e+00   4.1321e-01  -2.2878e-02   0.0000e+00   0.0000e+00   0.0000e+00   0.0000e+00   0.0000e+00
JES.AntiKt4HI_Bin81:             7.4341e-01  -9.7653e-02   1.4326e-02   0.0000e+00   0.0000e+00   0.0000e+00   0.0000e+00   0.0000e+00   0.0000e+00
JES.AntiKt4HI_Bin82:             1.7842e+01  -8.2413e+00   1.2995e+00  -6.7297e-02   0.0000e+00   0.0000e+00   0.0000e+00   0.0000e+00   0.0000e+00
JES.AntiKt4HI_Bin83:             1.9217e+01  -8.8680e+00   1.3932e+00  -7.2015e-02   0.0000e+00   0.0000e+00   0.0000e+00   0.0000e+00   0.0000e+00
JES.AntiKt4HI_Bin84:             1.8994e+00  -4.9192e-01   4.5571e-02   0.0000e+00   0.0000e+00   0.0000e+00   0.0000e+00   0.0000e+00   0.0000e+00
JES.AntiKt4HI_Bin85:             1.4361e+00  -3.3406e-01   3.2019e-02   0.0000e+00   0.0000e+00   0.0000e+00   0.0000e+00   0.0000e+00   0.0000e+00
JES.AntiKt4HI_Bin86:             2.7302e-01   5.1675e-02   0.0000e+00   0.0000e+00   0.0000e+00   0.0000e+00   0.0000e+00   0.0000e+00   0.0000e+00
JES.AntiKt4HI_Bin87:             6.7433e+00  -1.9937e+00   1.6137e-01   0.0000e+00   0.0000e+00   0.0000e+00   0.0000e+00   0.0000e+00   0.0000e+00
JES.AntiKt4HI_Bin88:             4.1434e-01   2.5887e-02   0.0000e+00   0.0000e+00   0.0000e+00   0.0000e+00   0.0000e+00   0.0000e+00   0.0000e+00
JES.AntiKt4HI_Bin89:            -3.1857e-01   1.3354e-01   0.0000e+00   0.0000e+00   0.0000e+00   0.0000e+00   0.0000e+00   0.0000e+00   0.0000e+00
JES.AntiKt4HI_Bin90:            -3.1857e-01   1.3354e-01   0.0000e+00   0.0000e+00   0.0000e+00   0.0000e+00   0.0000e+00   0.0000e+00   0.0000e+00


  #########
  # HI+JES calibration factors for
  # jet eta correction
  #
EtaCorr.AntiKt4HI_Bin0:          2.5486e-02   0.0000e+00   0.0000e+00   0.0000e+00   0.0000e+00   0.0000e+00   0.0000e+00   0.0000e+00   0.0000e+00
EtaCorr.AntiKt4HI_Bin1:          2.3658e-02   0.0000e+00   0.0000e+00   0.0000e+00   0.0000e+00   0.0000e+00   0.0000e+00   0.0000e+00   0.0000e+00
EtaCorr.AntiKt4HI_Bin2:          1.4704e-01  -3.2036e-02   2.0597e-03   0.0000e+00   0.0000e+00   0.0000e+00   0.0000e+00   0.0000e+00   0.0000e+00
EtaCorr.AntiKt4HI_Bin3:          4.5728e-02  -3.9025e-03   0.0000e+00   0.0000e+00   0.0000e+00   0.0000e+00   0.0000e+00   0.0000e+00   0.0000e+00
EtaCorr.AntiKt4HI_Bin4:          1.1687e-01  -2.6364e-02   1.6437e-03   0.0000e+00   0.0000e+00   0.0000e+00   0.0000e+00   0.0000e+00   0.0000e+00
EtaCorr.AntiKt4HI_Bin5:         -1.1413e+00   5.4026e-01  -8.2395e-02   4.1030e-03   0.0000e+00   0.0000e+00   0.0000e+00   0.0000e+00   0.0000e+00
EtaCorr.AntiKt4HI_Bin6:         -7.7041e-01   3.7886e-01  -5.9136e-02   2.9948e-03   0.0000e+00   0.0000e+00   0.0000e+00   0.0000e+00   0.0000e+00
EtaCorr.AntiKt4HI_Bin7:         -1.1341e+00   5.5118e-01  -8.6151e-02   4.3853e-03   0.0000e+00   0.0000e+00   0.0000e+00   0.0000e+00   0.0000e+00
EtaCorr.AntiKt4HI_Bin8:         -3.7837e-01   2.0491e-01  -3.4411e-02   1.8415e-03   0.0000e+00   0.0000e+00   0.0000e+00   0.0000e+00   0.0000e+00
EtaCorr.AntiKt4HI_Bin9:          6.2244e-02  -1.7789e-02   1.1679e-03   0.0000e+00   0.0000e+00   0.0000e+00   0.0000e+00   0.0000e+00   0.0000e+00
EtaCorr.AntiKt4HI_Bin10:         3.8323e-01  -1.7066e-01   2.4333e-02  -1.1505e-03   0.0000e+00   0.0000e+00   0.0000e+00   0.0000e+00   0.0000e+00
EtaCorr.AntiKt4HI_Bin11:         1.0684e-01  -3.0738e-02   1.9903e-03   0.0000e+00   0.0000e+00   0.0000e+00   0.0000e+00   0.0000e+00   0.0000e+00
EtaCorr.AntiKt4HI_Bin12:        -1.0648e+00   5.3213e-01  -8.5049e-02   4.4002e-03   0.0000e+00   0.0000e+00   0.0000e+00   0.0000e+00   0.0000e+00
EtaCorr.AntiKt4HI_Bin13:        -1.1683e+00   5.9440e-01  -9.5164e-02   4.9368e-03   0.0000e+00   0.0000e+00   0.0000e+00   0.0000e+00   0.0000e+00
EtaCorr.AntiKt4HI_Bin14:        -8.7984e-01   4.6423e-01  -7.6194e-02   4.0348e-03   0.0000e+00   0.0000e+00   0.0000e+00   0.0000e+00   0.0000e+00
EtaCorr.AntiKt4HI_Bin15:        -1.6766e-01   1.2518e-01  -2.3743e-02   1.3605e-03   0.0000e+00   0.0000e+00   0.0000e+00   0.0000e+00   0.0000e+00
EtaCorr.AntiKt4HI_Bin16:        -1.9585e-02   3.9908e-02  -8.8562e-03   5.4849e-04   0.0000e+00   0.0000e+00   0.0000e+00   0.0000e+00   0.0000e+00
EtaCorr.AntiKt4HI_Bin17:         1.3990e-01  -3.3646e-02   2.0903e-03   0.0000e+00   0.0000e+00   0.0000e+00   0.0000e+00   0.0000e+00   0.0000e+00
EtaCorr.AntiKt4HI_Bin18:         1.1711e-01  -2.9051e-02   1.9964e-03   0.0000e+00   0.0000e+00   0.0000e+00   0.0000e+00   0.0000e+00   0.0000e+00
EtaCorr.AntiKt4HI_Bin19:         1.4432e-01  -3.7991e-02   2.4314e-03   0.0000e+00   0.0000e+00   0.0000e+00   0.0000e+00   0.0000e+00   0.0000e+00
EtaCorr.AntiKt4HI_Bin20:         1.4005e-01  -3.8319e-02   2.6559e-03   0.0000e+00   0.0000e+00   0.0000e+00   0.0000e+00   0.0000e+00   0.0000e+00
EtaCorr.AntiKt4HI_Bin21:         1.1017e-01  -2.8782e-02   1.9168e-03   0.0000e+00   0.0000e+00   0.0000e+00   0.0000e+00   0.0000e+00   0.0000e+00
EtaCorr.AntiKt4HI_Bin22:         1.4904e-01  -5.1134e-02   5.7624e-03  -2.0759e-04   0.0000e+00   0.0000e+00   0.0000e+00   0.0000e+00   0.0000e+00
EtaCorr.AntiKt4HI_Bin23:         2.3617e-01  -9.5364e-02   1.2980e-02  -5.9072e-04   0.0000e+00   0.0000e+00   0.0000e+00   0.0000e+00   0.0000e+00
EtaCorr.AntiKt4HI_Bin24:         2.7923e-01  -1.1734e-01   1.6640e-02  -7.9206e-04   0.0000e+00   0.0000e+00   0.0000e+00   0.0000e+00   0.0000e+00
EtaCorr.AntiKt4HI_Bin25:         2.9811e-01  -1.2909e-01   1.8780e-02  -9.1456e-04   0.0000e+00   0.0000e+00   0.0000e+00   0.0000e+00   0.0000e+00
EtaCorr.AntiKt4HI_Bin26:         2.5278e-01  -1.1205e-01   1.6759e-02  -8.4130e-04   0.0000e+00   0.0000e+00   0.0000e+00   0.0000e+00   0.0000e+00
EtaCorr.AntiKt4HI_Bin27:         1.7954e-01  -7.8980e-02   1.1782e-02  -5.9351e-04   0.0000e+00   0.0000e+00   0.0000e+00   0.0000e+00   0.0000e+00
EtaCorr.AntiKt4HI_Bin28:         4.5982e-02  -1.1305e-02   7.5506e-04   0.0000e+00   0.0000e+00   0.0000e+00   0.0000e+00   0.0000e+00   0.0000e+00
EtaCorr.AntiKt4HI_Bin29:         1.1428e-01  -4.5260e-02   6.4045e-03  -3.0500e-04   0.0000e+00   0.0000e+00   0.0000e+00   0.0000e+00   0.0000e+00
EtaCorr.AntiKt4HI_Bin30:         8.4610e-02  -2.2577e-02   1.6134e-03   0.0000e+00   0.0000e+00   0.0000e+00   0.0000e+00   0.0000e+00   0.0000e+00
EtaCorr.AntiKt4HI_Bin31:         1.9245e-01  -7.5851e-02   1.0529e-02  -4.8963e-04   0.0000e+00   0.0000e+00   0.0000e+00   0.0000e+00   0.0000e+00
EtaCorr.AntiKt4HI_Bin32:         1.7227e-01  -6.9323e-02   9.7800e-03  -4.6597e-04   0.0000e+00   0.0000e+00   0.0000e+00   0.0000e+00   0.0000e+00
EtaCorr.AntiKt4HI_Bin33:         1.0746e-01  -4.1540e-02   5.5728e-03  -2.4477e-04   0.0000e+00   0.0000e+00   0.0000e+00   0.0000e+00   0.0000e+00
EtaCorr.AntiKt4HI_Bin34:         9.1768e-02  -3.7048e-02   4.9654e-03  -2.2008e-04   0.0000e+00   0.0000e+00   0.0000e+00   0.0000e+00   0.0000e+00
EtaCorr.AntiKt4HI_Bin35:         7.1667e-02  -2.4722e-02   2.6453e-03  -9.1228e-05   0.0000e+00   0.0000e+00   0.0000e+00   0.0000e+00   0.0000e+00
EtaCorr.AntiKt4HI_Bin36:         8.4129e-02  -3.1199e-02   3.9422e-03  -1.6628e-04   0.0000e+00   0.0000e+00   0.0000e+00   0.0000e+00   0.0000e+00
EtaCorr.AntiKt4HI_Bin37:         7.8076e-02  -2.7806e-02   3.3785e-03  -1.3094e-04   0.0000e+00   0.0000e+00   0.0000e+00   0.0000e+00   0.0000e+00
EtaCorr.AntiKt4HI_Bin38:         8.4490e-02  -3.4504e-02   4.9647e-03  -2.4172e-04   0.0000e+00   0.0000e+00   0.0000e+00   0.0000e+00   0.0000e+00
EtaCorr.AntiKt4HI_Bin39:         5.7335e-02  -2.2152e-02   3.0153e-03  -1.3776e-04   0.0000e+00   0.0000e+00   0.0000e+00   0.0000e+00   0.0000e+00
EtaCorr.AntiKt4HI_Bin40:         5.3449e-02  -2.2170e-02   3.1597e-03  -1.4700e-04   0.0000e+00   0.0000e+00   0.0000e+00   0.0000e+00   0.0000e+00
EtaCorr.AntiKt4HI_Bin41:         3.9662e-02  -1.7707e-02   2.7708e-03  -1.4575e-04   0.0000e+00   0.0000e+00   0.0000e+00   0.0000e+00   0.0000e+00
EtaCorr.AntiKt4HI_Bin42:         1.9957e-02  -7.9667e-03   1.1090e-03  -5.0292e-05   0.0000e+00   0.0000e+00   0.0000e+00   0.0000e+00   0.0000e+00
EtaCorr.AntiKt4HI_Bin43:         6.1824e-03  -1.7721e-03   1.2294e-04   0.0000e+00   0.0000e+00   0.0000e+00   0.0000e+00   0.0000e+00   0.0000e+00
EtaCorr.AntiKt4HI_Bin44:         8.4418e-03  -5.6640e-03   1.1571e-03  -7.4067e-05   0.0000e+00   0.0000e+00   0.0000e+00   0.0000e+00   0.0000e+00
EtaCorr.AntiKt4HI_Bin45:        -1.0091e-02   4.9931e-03  -8.7997e-04   4.9475e-05   0.0000e+00   0.0000e+00   0.0000e+00   0.0000e+00   0.0000e+00
EtaCorr.AntiKt4HI_Bin46:        -8.9679e-03   2.5421e-03  -2.0429e-04   0.0000e+00   0.0000e+00   0.0000e+00   0.0000e+00   0.0000e+00   0.0000e+00
EtaCorr.AntiKt4HI_Bin47:        -2.8400e-02   1.1760e-02  -1.7047e-03   7.8353e-05   0.0000e+00   0.0000e+00   0.0000e+00   0.0000e+00   0.0000e+00
EtaCorr.AntiKt4HI_Bin48:        -3.9527e-02   1.5807e-02  -2.2306e-03   1.0468e-04   0.0000e+00   0.0000e+00   0.0000e+00   0.0000e+00   0.0000e+00
EtaCorr.AntiKt4HI_Bin49:        -6.5806e-02   2.9081e-02  -4.4989e-03   2.3058e-04   0.0000e+00   0.0000e+00   0.0000e+00   0.0000e+00   0.0000e+00
EtaCorr.AntiKt4HI_Bin50:        -6.5184e-02   2.5710e-02  -3.6147e-03   1.7077e-04   0.0000e+00   0.0000e+00   0.0000e+00   0.0000e+00   0.0000e+00
EtaCorr.AntiKt4HI_Bin51:        -7.1175e-02   2.6352e-02  -3.4437e-03   1.4874e-04   0.0000e+00   0.0000e+00   0.0000e+00   0.0000e+00   0.0000e+00
EtaCorr.AntiKt4HI_Bin52:        -8.3376e-02   3.0041e-02  -3.7530e-03   1.5159e-04   0.0000e+00   0.0000e+00   0.0000e+00   0.0000e+00   0.0000e+00
EtaCorr.AntiKt4HI_Bin53:        -1.0962e-01   4.4865e-02  -6.4094e-03   3.1217e-04   0.0000e+00   0.0000e+00   0.0000e+00   0.0000e+00   0.0000e+00
EtaCorr.AntiKt4HI_Bin54:        -8.0102e-02   3.0515e-02  -3.9269e-03   1.7993e-04   0.0000e+00   0.0000e+00   0.0000e+00   0.0000e+00   0.0000e+00
EtaCorr.AntiKt4HI_Bin55:        -1.0077e-01   4.0539e-02  -5.3678e-03   2.3014e-04   0.0000e+00   0.0000e+00   0.0000e+00   0.0000e+00   0.0000e+00
EtaCorr.AntiKt4HI_Bin56:        -1.1133e-01   4.3973e-02  -6.1484e-03   2.8870e-04   0.0000e+00   0.0000e+00   0.0000e+00   0.0000e+00   0.0000e+00
EtaCorr.AntiKt4HI_Bin57:        -1.7205e-01   6.9015e-02  -9.7580e-03   4.6618e-04   0.0000e+00   0.0000e+00   0.0000e+00   0.0000e+00   0.0000e+00
EtaCorr.AntiKt4HI_Bin58:        -1.5418e-01   5.5371e-02  -6.9868e-03   2.8803e-04   0.0000e+00   0.0000e+00   0.0000e+00   0.0000e+00   0.0000e+00
EtaCorr.AntiKt4HI_Bin59:        -7.7810e-02   2.0145e-02  -1.4266e-03   0.0000e+00   0.0000e+00   0.0000e+00   0.0000e+00   0.0000e+00   0.0000e+00
EtaCorr.AntiKt4HI_Bin60:        -1.0706e-01   4.1100e-02  -5.6641e-03   2.6203e-04   0.0000e+00   0.0000e+00   0.0000e+00   0.0000e+00   0.0000e+00
EtaCorr.AntiKt4HI_Bin61:        -5.3917e-02   1.3552e-02  -9.2474e-04   0.0000e+00   0.0000e+00   0.0000e+00   0.0000e+00   0.0000e+00   0.0000e+00
EtaCorr.AntiKt4HI_Bin62:        -1.7232e-01   7.4257e-02  -1.0864e-02   5.3607e-04   0.0000e+00   0.0000e+00   0.0000e+00   0.0000e+00   0.0000e+00
EtaCorr.AntiKt4HI_Bin63:        -2.6792e-01   1.1802e-01  -1.7506e-02   8.6815e-04   0.0000e+00   0.0000e+00   0.0000e+00   0.0000e+00   0.0000e+00
EtaCorr.AntiKt4HI_Bin64:        -2.9721e-01   1.2907e-01  -1.8851e-02   9.2035e-04   0.0000e+00   0.0000e+00   0.0000e+00   0.0000e+00   0.0000e+00
EtaCorr.AntiKt4HI_Bin65:        -2.8685e-01   1.2275e-01  -1.7821e-02   8.7197e-04   0.0000e+00   0.0000e+00   0.0000e+00   0.0000e+00   0.0000e+00
EtaCorr.AntiKt4HI_Bin66:        -2.2369e-01   9.0617e-02  -1.2486e-02   5.7970e-04   0.0000e+00   0.0000e+00   0.0000e+00   0.0000e+00   0.0000e+00
EtaCorr.AntiKt4HI_Bin67:        -1.7233e-01   6.3698e-02  -8.0126e-03   3.3895e-04   0.0000e+00   0.0000e+00   0.0000e+00   0.0000e+00   0.0000e+00
EtaCorr.AntiKt4HI_Bin68:        -1.4082e-01   3.8316e-02  -2.6641e-03   0.0000e+00   0.0000e+00   0.0000e+00   0.0000e+00   0.0000e+00   0.0000e+00
EtaCorr.AntiKt4HI_Bin69:        -1.2402e-01   3.2759e-02  -2.1942e-03   0.0000e+00   0.0000e+00   0.0000e+00   0.0000e+00   0.0000e+00   0.0000e+00
EtaCorr.AntiKt4HI_Bin70:        -1.7579e-02  -2.8124e-02   8.7517e-03  -6.1670e-04   0.0000e+00   0.0000e+00   0.0000e+00   0.0000e+00   0.0000e+00
EtaCorr.AntiKt4HI_Bin71:        -1.1430e-01   2.7709e-02  -1.8711e-03   0.0000e+00   0.0000e+00   0.0000e+00   0.0000e+00   0.0000e+00   0.0000e+00
EtaCorr.AntiKt4HI_Bin72:         2.9964e-02  -5.0062e-02   1.1342e-02  -7.0513e-04   0.0000e+00   0.0000e+00   0.0000e+00   0.0000e+00   0.0000e+00
EtaCorr.AntiKt4HI_Bin73:         1.1794e-01  -8.7445e-02   1.6491e-02  -9.5788e-04   0.0000e+00   0.0000e+00   0.0000e+00   0.0000e+00   0.0000e+00
EtaCorr.AntiKt4HI_Bin74:         1.8644e-01  -1.3326e-01   2.4929e-02  -1.4231e-03   0.0000e+00   0.0000e+00   0.0000e+00   0.0000e+00   0.0000e+00
EtaCorr.AntiKt4HI_Bin75:         7.5299e-01  -4.0338e-01   6.6639e-02  -3.5450e-03   0.0000e+00   0.0000e+00   0.0000e+00   0.0000e+00   0.0000e+00
EtaCorr.AntiKt4HI_Bin76:         1.0847e+00  -5.5639e-01   8.9410e-02  -4.6480e-03   0.0000e+00   0.0000e+00   0.0000e+00   0.0000e+00   0.0000e+00
EtaCorr.AntiKt4HI_Bin77:         1.2197e+00  -5.9660e-01   9.3647e-02  -4.7631e-03   0.0000e+00   0.0000e+00   0.0000e+00   0.0000e+00   0.0000e+00
EtaCorr.AntiKt4HI_Bin78:         3.8101e-02  -4.5810e-02   1.0970e-02  -7.0964e-04   0.0000e+00   0.0000e+00   0.0000e+00   0.0000e+00   0.0000e+00
EtaCorr.AntiKt4HI_Bin79:        -7.1254e-02   2.3971e-02  -1.6943e-03   0.0000e+00   0.0000e+00   0.0000e+00   0.0000e+00   0.0000e+00   0.0000e+00
EtaCorr.AntiKt4HI_Bin80:        -7.0297e-02   2.0701e-02  -1.4407e-03   0.0000e+00   0.0000e+00   0.0000e+00   0.0000e+00   0.0000e+00   0.0000e+00
EtaCorr.AntiKt4HI_Bin81:        -1.5436e-01   3.8551e-02  -2.4061e-03   0.0000e+00   0.0000e+00   0.0000e+00   0.0000e+00   0.0000e+00   0.0000e+00
EtaCorr.AntiKt4HI_Bin82:         1.1577e+00  -5.6026e-01   8.7003e-02  -4.3884e-03   0.0000e+00   0.0000e+00   0.0000e+00   0.0000e+00   0.0000e+00
EtaCorr.AntiKt4HI_Bin83:         1.1291e+00  -5.4639e-01   8.4869e-02  -4.2959e-03   0.0000e+00   0.0000e+00   0.0000e+00   0.0000e+00   0.0000e+00
EtaCorr.AntiKt4HI_Bin84:         1.5175e+00  -7.1178e-01   1.0800e-01  -5.3607e-03   0.0000e+00   0.0000e+00   0.0000e+00   0.0000e+00   0.0000e+00
EtaCorr.AntiKt4HI_Bin85:         4.6568e+00  -2.0669e+00   3.0121e-01  -1.4476e-02   0.0000e+00   0.0000e+00   0.0000e+00   0.0000e+00   0.0000e+00
EtaCorr.AntiKt4HI_Bin86:         1.5019e+00  -6.7311e-01   9.8147e-02  -4.7119e-03   0.0000e+00   0.0000e+00   0.0000e+00   0.0000e+00   0.0000e+00
EtaCorr.AntiKt4HI_Bin87:        -2.3776e-02   0.0000e+00   0.0000e+00   0.0000e+00   0.0000e+00   0.0000e+00   0.0000e+00   0.0000e+00   0.0000e+00
EtaCorr.AntiKt4HI_Bin88:        -3.3885e-02   1.7684e-03   0.0000e+00   0.0000e+00   0.0000e+00   0.0000e+00   0.0000e+00   0.0000e+00   0.0000e+00
EtaCorr.AntiKt4HI_Bin89:        -2.4109e-02   0.0000e+00   0.0000e+00   0.0000e+00   0.0000e+00   0.0000e+00   0.0000e+00   0.0000e+00   0.0000e+00
EtaCorr.AntiKt4HI_Bin90:        -2.4109e-02   0.0000e+00   0.0000e+00   0.0000e+00   0.0000e+00   0.0000e+00   0.0000e+00   0.0000e+00   0.0000e+00


  #########
  # HI+JES calibration factors for
  # jet energy correction
  #
JES.AntiKt3HI_Bin0:              8.7975e-01  -5.8457e-02   0.0000e+00   0.0000e+00   0.0000e+00   0.0000e+00   0.0000e+00   0.0000e+00   0.0000e+00
JES.AntiKt3HI_Bin1:             -2.6827e+01   8.7595e+00  -7.0061e-01   0.0000e+00   0.0000e+00   0.0000e+00   0.0000e+00   0.0000e+00   0.0000e+00
JES.AntiKt3HI_Bin2:              1.5532e+00  -3.6498e-01   3.2715e-02   0.0000e+00   0.0000e+00   0.0000e+00   0.0000e+00   0.0000e+00   0.0000e+00
JES.AntiKt3HI_Bin3:              1.3003e+00  -2.8529e-01   2.6532e-02   0.0000e+00   0.0000e+00   0.0000e+00   0.0000e+00   0.0000e+00   0.0000e+00
JES.AntiKt3HI_Bin4:              2.6972e-01   4.6738e-02   0.0000e+00   0.0000e+00   0.0000e+00   0.0000e+00   0.0000e+00   0.0000e+00   0.0000e+00
JES.AntiKt3HI_Bin5:              2.5099e+00  -6.9231e-01   6.0930e-02   0.0000e+00   0.0000e+00   0.0000e+00   0.0000e+00   0.0000e+00   0.0000e+00
JES.AntiKt3HI_Bin6:              2.1645e+01  -1.0061e+01   1.5849e+00  -8.2206e-02   0.0000e+00   0.0000e+00   0.0000e+00   0.0000e+00   0.0000e+00
JES.AntiKt3HI_Bin7:              2.2248e+01  -1.0550e+01   1.6998e+00  -9.0336e-02   0.0000e+00   0.0000e+00   0.0000e+00   0.0000e+00   0.0000e+00
JES.AntiKt3HI_Bin8:              1.3421e+01  -6.4176e+00   1.0618e+00  -5.7733e-02   0.0000e+00   0.0000e+00   0.0000e+00   0.0000e+00   0.0000e+00
JES.AntiKt3HI_Bin9:              1.2250e+00  -2.9436e-01   6.8961e-03   9.6646e-03  -8.6418e-04   0.0000e+00   0.0000e+00   0.0000e+00   0.0000e+00
JES.AntiKt3HI_Bin10:            -2.4409e+00   1.4263e+00  -2.3351e-01   1.3461e-02   0.0000e+00   0.0000e+00   0.0000e+00   0.0000e+00   0.0000e+00
JES.AntiKt3HI_Bin11:            -5.2559e+00   3.0799e+00  -5.5818e-01   3.4074e-02   0.0000e+00   0.0000e+00   0.0000e+00   0.0000e+00   0.0000e+00
JES.AntiKt3HI_Bin12:             4.1213e-01  -3.9173e-02   8.3521e-03   0.0000e+00   0.0000e+00   0.0000e+00   0.0000e+00   0.0000e+00   0.0000e+00
JES.AntiKt3HI_Bin13:            -4.3435e-01   2.5954e-01  -1.5946e-02   0.0000e+00   0.0000e+00   0.0000e+00   0.0000e+00   0.0000e+00   0.0000e+00
JES.AntiKt3HI_Bin14:             5.1950e+00  -2.5899e+00   4.6804e-01  -2.7236e-02   0.0000e+00   0.0000e+00   0.0000e+00   0.0000e+00   0.0000e+00
JES.AntiKt3HI_Bin15:             3.1729e+01  -2.1956e+01   5.7451e+00  -6.6224e-01   2.8462e-02   0.0000e+00   0.0000e+00   0.0000e+00   0.0000e+00
JES.AntiKt3HI_Bin16:             2.5632e+01  -1.7995e+01   4.7982e+00  -5.6311e-01   2.4635e-02   0.0000e+00   0.0000e+00   0.0000e+00   0.0000e+00
JES.AntiKt3HI_Bin17:             1.0464e+00  -3.1160e-01   6.3053e-02  -3.4562e-03   0.0000e+00   0.0000e+00   0.0000e+00   0.0000e+00   0.0000e+00
JES.AntiKt3HI_Bin18:             1.0009e+01  -6.7686e+00   1.7921e+00  -2.0729e-01   8.9294e-03   0.0000e+00   0.0000e+00   0.0000e+00   0.0000e+00
JES.AntiKt3HI_Bin19:             8.5882e+00  -5.8835e+00   1.5928e+00  -1.8788e-01   8.2364e-03   0.0000e+00   0.0000e+00   0.0000e+00   0.0000e+00
JES.AntiKt3HI_Bin20:             1.3442e+00  -4.8773e-01   1.0101e-01  -6.0862e-03   0.0000e+00   0.0000e+00   0.0000e+00   0.0000e+00   0.0000e+00
JES.AntiKt3HI_Bin21:             1.1900e+00  -4.0556e-01   8.9263e-02  -5.5815e-03   0.0000e+00   0.0000e+00   0.0000e+00   0.0000e+00   0.0000e+00
JES.AntiKt3HI_Bin22:             6.1046e-01  -7.9294e-02   3.0131e-02  -2.0717e-03   0.0000e+00   0.0000e+00   0.0000e+00   0.0000e+00   0.0000e+00
JES.AntiKt3HI_Bin23:             2.3341e+00  -1.3983e+00   4.0380e-01  -4.8515e-02   2.1376e-03   0.0000e+00   0.0000e+00   0.0000e+00   0.0000e+00
JES.AntiKt3HI_Bin24:             1.6642e+00  -9.0847e-01   2.6922e-01  -3.2034e-02   1.3810e-03   0.0000e+00   0.0000e+00   0.0000e+00   0.0000e+00
JES.AntiKt3HI_Bin25:             1.6968e+00  -9.7387e-01   2.9802e-01  -3.6696e-02   1.6400e-03   0.0000e+00   0.0000e+00   0.0000e+00   0.0000e+00
JES.AntiKt3HI_Bin26:             1.5225e+00  -8.7272e-01   2.7752e-01  -3.5029e-02   1.5975e-03   0.0000e+00   0.0000e+00   0.0000e+00   0.0000e+00
JES.AntiKt3HI_Bin27:             1.0333e+00  -4.9857e-01   1.6896e-01  -2.1196e-02   9.4888e-04   0.0000e+00   0.0000e+00   0.0000e+00   0.0000e+00
JES.AntiKt3HI_Bin28:             8.8548e-01  -4.4534e-01   1.6749e-01  -2.2823e-02   1.1117e-03   0.0000e+00   0.0000e+00   0.0000e+00   0.0000e+00
JES.AntiKt3HI_Bin29:             3.5811e-01   1.1623e-02   1.7269e-02  -1.4060e-03   0.0000e+00   0.0000e+00   0.0000e+00   0.0000e+00   0.0000e+00
JES.AntiKt3HI_Bin30:            -4.2058e-01   6.1358e-01  -1.5525e-01   1.9687e-02  -9.4260e-04   0.0000e+00   0.0000e+00   0.0000e+00   0.0000e+00
JES.AntiKt3HI_Bin31:             7.5262e-02   1.8634e-01  -1.8276e-02   9.7543e-04   0.0000e+00   0.0000e+00   0.0000e+00   0.0000e+00   0.0000e+00
JES.AntiKt3HI_Bin32:             1.6228e-01   1.3898e-01  -5.8331e-03   0.0000e+00   0.0000e+00   0.0000e+00   0.0000e+00   0.0000e+00   0.0000e+00
JES.AntiKt3HI_Bin33:             4.6857e-01  -1.1230e-01   7.2642e-02  -1.0640e-02   5.3385e-04   0.0000e+00   0.0000e+00   0.0000e+00   0.0000e+00
JES.AntiKt3HI_Bin34:             2.1053e-01   1.2996e-01  -6.9097e-03   2.3253e-04   0.0000e+00   0.0000e+00   0.0000e+00   0.0000e+00   0.0000e+00
JES.AntiKt3HI_Bin35:             4.1224e-01  -6.3517e-02   6.2373e-02  -1.0712e-02   6.0873e-04   0.0000e+00   0.0000e+00   0.0000e+00   0.0000e+00
JES.AntiKt3HI_Bin36:             4.3446e-01  -6.0805e-02   5.7816e-02  -9.5437e-03   5.1857e-04   0.0000e+00   0.0000e+00   0.0000e+00   0.0000e+00
JES.AntiKt3HI_Bin37:             1.8617e-01   1.7037e-01  -1.5289e-02   5.6907e-04   0.0000e+00   0.0000e+00   0.0000e+00   0.0000e+00   0.0000e+00
JES.AntiKt3HI_Bin38:             4.0376e-01  -8.7991e-05   3.9311e-02  -6.9798e-03   3.7731e-04   0.0000e+00   0.0000e+00   0.0000e+00   0.0000e+00
JES.AntiKt3HI_Bin39:             2.7275e-01   1.4569e-01  -1.1379e-02   3.0909e-04   0.0000e+00   0.0000e+00   0.0000e+00   0.0000e+00   0.0000e+00
JES.AntiKt3HI_Bin40:             3.7513e-01   5.5121e-02   1.9970e-02  -4.3443e-03   2.4871e-04   0.0000e+00   0.0000e+00   0.0000e+00   0.0000e+00
JES.AntiKt3HI_Bin41:             3.1875e-01   1.2425e-01  -7.1181e-03   0.0000e+00   0.0000e+00   0.0000e+00   0.0000e+00   0.0000e+00   0.0000e+00
JES.AntiKt3HI_Bin42:             3.5394e-01   7.9569e-02   1.2218e-02  -3.3184e-03   1.9682e-04   0.0000e+00   0.0000e+00   0.0000e+00   0.0000e+00
JES.AntiKt3HI_Bin43:             2.5567e-01   1.6718e-01  -1.6061e-02   5.8490e-04   0.0000e+00   0.0000e+00   0.0000e+00   0.0000e+00   0.0000e+00
JES.AntiKt3HI_Bin44:             3.6241e-01   7.6006e-02   1.0624e-02  -2.8349e-03   1.6088e-04   0.0000e+00   0.0000e+00   0.0000e+00   0.0000e+00
JES.AntiKt3HI_Bin45:             3.5586e-01   7.5891e-02   1.2332e-02  -3.3192e-03   1.9790e-04   0.0000e+00   0.0000e+00   0.0000e+00   0.0000e+00
JES.AntiKt3HI_Bin46:             3.1885e-01   1.0749e-01   3.3830e-03  -2.1031e-03   1.3439e-04   0.0000e+00   0.0000e+00   0.0000e+00   0.0000e+00
JES.AntiKt3HI_Bin47:             3.9194e-01   4.2722e-02   2.4599e-02  -5.0999e-03   2.9006e-04   0.0000e+00   0.0000e+00   0.0000e+00   0.0000e+00
JES.AntiKt3HI_Bin48:             1.2466e+00  -9.5190e-01   4.7184e-01  -1.0304e-01   1.0768e-02  -4.3905e-04   0.0000e+00   0.0000e+00   0.0000e+00
JES.AntiKt3HI_Bin49:             2.7232e-01   1.4921e-01  -1.2035e-02   3.3826e-04   0.0000e+00   0.0000e+00   0.0000e+00   0.0000e+00   0.0000e+00
JES.AntiKt3HI_Bin50:             1.4968e+00  -1.2748e+00   6.2473e-01  -1.3779e-01   1.4587e-02  -6.0151e-04   0.0000e+00   0.0000e+00   0.0000e+00
JES.AntiKt3HI_Bin51:             2.3408e-01   1.5442e-01  -1.1999e-02   3.2452e-04   0.0000e+00   0.0000e+00   0.0000e+00   0.0000e+00   0.0000e+00
JES.AntiKt3HI_Bin52:             2.1543e-01   1.5131e-01  -1.1468e-02   3.2328e-04   0.0000e+00   0.0000e+00   0.0000e+00   0.0000e+00   0.0000e+00
JES.AntiKt3HI_Bin53:             1.9155e-01   1.5581e-01  -1.3108e-02   4.9058e-04   0.0000e+00   0.0000e+00   0.0000e+00   0.0000e+00   0.0000e+00
JES.AntiKt3HI_Bin54:             3.6765e-01  -1.0467e-02   4.0976e-02  -7.1864e-03   4.0379e-04   0.0000e+00   0.0000e+00   0.0000e+00   0.0000e+00
JES.AntiKt3HI_Bin55:             2.4207e-01   1.1183e-01  -3.3268e-03   0.0000e+00   0.0000e+00   0.0000e+00   0.0000e+00   0.0000e+00   0.0000e+00
JES.AntiKt3HI_Bin56:             1.8975e-01   1.3368e-01  -5.1884e-03   0.0000e+00   0.0000e+00   0.0000e+00   0.0000e+00   0.0000e+00   0.0000e+00
JES.AntiKt3HI_Bin57:             1.5727e-01   1.4193e-01  -6.0739e-03   0.0000e+00   0.0000e+00   0.0000e+00   0.0000e+00   0.0000e+00   0.0000e+00
JES.AntiKt3HI_Bin58:             4.1637e-02   2.0980e-01  -2.2948e-02   1.2758e-03   0.0000e+00   0.0000e+00   0.0000e+00   0.0000e+00   0.0000e+00
JES.AntiKt3HI_Bin59:            -6.6259e-01   8.0588e-01  -2.0937e-01   2.6210e-02  -1.2279e-03   0.0000e+00   0.0000e+00   0.0000e+00   0.0000e+00
JES.AntiKt3HI_Bin60:             4.3533e+00  -4.1169e+00   1.6938e+00  -3.3578e-01   3.2789e-02  -1.2661e-03   0.0000e+00   0.0000e+00   0.0000e+00
JES.AntiKt3HI_Bin61:             8.7563e-01  -4.2907e-01   1.6150e-01  -2.1997e-02   1.0748e-03   0.0000e+00   0.0000e+00   0.0000e+00   0.0000e+00
JES.AntiKt3HI_Bin62:             1.0162e+00  -4.7692e-01   1.5964e-01  -1.9552e-02   8.4836e-04   0.0000e+00   0.0000e+00   0.0000e+00   0.0000e+00
JES.AntiKt3HI_Bin63:             1.1263e+00  -5.6827e-01   1.9071e-01  -2.4145e-02   1.0916e-03   0.0000e+00   0.0000e+00   0.0000e+00   0.0000e+00
JES.AntiKt3HI_Bin64:             2.4909e-01   1.1799e-01  -4.8748e-03   0.0000e+00   0.0000e+00   0.0000e+00   0.0000e+00   0.0000e+00   0.0000e+00
JES.AntiKt3HI_Bin65:             1.7062e+00  -9.4950e-01   2.8360e-01  -3.4158e-02   1.4928e-03   0.0000e+00   0.0000e+00   0.0000e+00   0.0000e+00
JES.AntiKt3HI_Bin66:             1.7319e+00  -9.2076e-01   2.6382e-01  -3.0499e-02   1.2777e-03   0.0000e+00   0.0000e+00   0.0000e+00   0.0000e+00
JES.AntiKt3HI_Bin67:             2.5197e+00  -1.5156e+00   4.3052e-01  -5.1114e-02   2.2273e-03   0.0000e+00   0.0000e+00   0.0000e+00   0.0000e+00
JES.AntiKt3HI_Bin68:             8.8964e-01  -2.3864e-01   5.8949e-02  -3.7907e-03   0.0000e+00   0.0000e+00   0.0000e+00   0.0000e+00   0.0000e+00
JES.AntiKt3HI_Bin69:             6.2135e+00  -4.1163e+00   1.1053e+00  -1.2850e-01   5.5469e-03   0.0000e+00   0.0000e+00   0.0000e+00   0.0000e+00
JES.AntiKt3HI_Bin70:             7.1096e+00  -4.7954e+00   1.2951e+00  -1.5201e-01   6.6288e-03   0.0000e+00   0.0000e+00   0.0000e+00   0.0000e+00
JES.AntiKt3HI_Bin71:             1.5945e+00  -6.2679e-01   1.2285e-01  -7.1573e-03   0.0000e+00   0.0000e+00   0.0000e+00   0.0000e+00   0.0000e+00
JES.AntiKt3HI_Bin72:             1.1763e+00  -3.9146e-01   7.8746e-02  -4.4675e-03   0.0000e+00   0.0000e+00   0.0000e+00   0.0000e+00   0.0000e+00
JES.AntiKt3HI_Bin73:             2.1025e+00  -8.9226e-01   1.6745e-01  -9.6812e-03   0.0000e+00   0.0000e+00   0.0000e+00   0.0000e+00   0.0000e+00
JES.AntiKt3HI_Bin74:             2.3407e+00  -9.9044e-01   1.7647e-01  -9.6950e-03   0.0000e+00   0.0000e+00   0.0000e+00   0.0000e+00   0.0000e+00
JES.AntiKt3HI_Bin75:             4.0592e+00  -2.0043e+00   3.6874e-01  -2.1703e-02   0.0000e+00   0.0000e+00   0.0000e+00   0.0000e+00   0.0000e+00
JES.AntiKt3HI_Bin76:            -5.2978e-01   2.9624e-01  -1.9443e-02   0.0000e+00   0.0000e+00   0.0000e+00   0.0000e+00   0.0000e+00   0.0000e+00
JES.AntiKt3HI_Bin77:            -8.3766e-01   4.0863e-01  -3.1575e-02   0.0000e+00   0.0000e+00   0.0000e+00   0.0000e+00   0.0000e+00   0.0000e+00
JES.AntiKt3HI_Bin78:             1.1748e+00  -2.9592e-01   3.0349e-02   0.0000e+00   0.0000e+00   0.0000e+00   0.0000e+00   0.0000e+00   0.0000e+00
JES.AntiKt3HI_Bin79:            -4.7494e+00   2.5979e+00  -4.3153e-01   2.4611e-02   0.0000e+00   0.0000e+00   0.0000e+00   0.0000e+00   0.0000e+00
JES.AntiKt3HI_Bin80:             3.1082e+00  -1.3918e+00   2.4700e-01  -1.3779e-02   0.0000e+00   0.0000e+00   0.0000e+00   0.0000e+00   0.0000e+00
JES.AntiKt3HI_Bin81:             1.0529e+01  -4.9407e+00   8.1204e-01  -4.3762e-02   0.0000e+00   0.0000e+00   0.0000e+00   0.0000e+00   0.0000e+00
JES.AntiKt3HI_Bin82:             1.6571e+01  -7.7348e+00   1.2351e+00  -6.4806e-02   0.0000e+00   0.0000e+00   0.0000e+00   0.0000e+00   0.0000e+00
JES.AntiKt3HI_Bin83:             2.0483e+01  -9.5558e+00   1.5135e+00  -7.8941e-02   0.0000e+00   0.0000e+00   0.0000e+00   0.0000e+00   0.0000e+00
JES.AntiKt3HI_Bin84:             4.0666e+01  -1.9345e+01   3.0904e+00  -1.6345e-01   0.0000e+00   0.0000e+00   0.0000e+00   0.0000e+00   0.0000e+00
JES.AntiKt3HI_Bin85:             1.4733e+00  -3.5769e-01   3.3881e-02   0.0000e+00   0.0000e+00   0.0000e+00   0.0000e+00   0.0000e+00   0.0000e+00
JES.AntiKt3HI_Bin86:             5.2797e+00  -1.5902e+00   1.3334e-01   0.0000e+00   0.0000e+00   0.0000e+00   0.0000e+00   0.0000e+00   0.0000e+00
JES.AntiKt3HI_Bin87:             3.8710e+00  -1.1146e+00   9.3190e-02   0.0000e+00   0.0000e+00   0.0000e+00   0.0000e+00   0.0000e+00   0.0000e+00
JES.AntiKt3HI_Bin88:             5.5073e+00  -1.5801e+00   1.2527e-01   0.0000e+00   0.0000e+00   0.0000e+00   0.0000e+00   0.0000e+00   0.0000e+00
JES.AntiKt3HI_Bin89:             7.7030e-01  -3.9156e-02   0.0000e+00   0.0000e+00   0.0000e+00   0.0000e+00   0.0000e+00   0.0000e+00   0.0000e+00
JES.AntiKt3HI_Bin90:             7.7030e-01  -3.9156e-02   0.0000e+00   0.0000e+00   0.0000e+00   0.0000e+00   0.0000e+00   0.0000e+00   0.0000e+00


  #########
  # HI+JES calibration factors for
  # jet eta correction
  #
EtaCorr.AntiKt3HI_Bin0:          9.3097e-03   0.0000e+00   0.0000e+00   0.0000e+00   0.0000e+00   0.0000e+00   0.0000e+00   0.0000e+00   0.0000e+00
EtaCorr.AntiKt3HI_Bin1:          1.3126e-02   7.3726e-04   0.0000e+00   0.0000e+00   0.0000e+00   0.0000e+00   0.0000e+00   0.0000e+00   0.0000e+00
EtaCorr.AntiKt3HI_Bin2:         -7.2689e-02   2.4956e-02  -1.6863e-03   0.0000e+00   0.0000e+00   0.0000e+00   0.0000e+00   0.0000e+00   0.0000e+00
EtaCorr.AntiKt3HI_Bin3:          2.1872e-02  -1.2760e-03   0.0000e+00   0.0000e+00   0.0000e+00   0.0000e+00   0.0000e+00   0.0000e+00   0.0000e+00
EtaCorr.AntiKt3HI_Bin4:         -6.2677e+00   2.7565e+00  -3.9958e-01   1.9137e-02   0.0000e+00   0.0000e+00   0.0000e+00   0.0000e+00   0.0000e+00
EtaCorr.AntiKt3HI_Bin5:         -1.0739e+00   4.8362e-01  -7.1072e-02   3.4353e-03   0.0000e+00   0.0000e+00   0.0000e+00   0.0000e+00   0.0000e+00
EtaCorr.AntiKt3HI_Bin6:         -6.7563e-01   3.1658e-01  -4.7734e-02   2.3472e-03   0.0000e+00   0.0000e+00   0.0000e+00   0.0000e+00   0.0000e+00
EtaCorr.AntiKt3HI_Bin7:         -1.0859e+00   5.0507e-01  -7.6235e-02   3.7598e-03   0.0000e+00   0.0000e+00   0.0000e+00   0.0000e+00   0.0000e+00
EtaCorr.AntiKt3HI_Bin8:         -3.0132e-01   1.5163e-01  -2.4233e-02   1.2470e-03   0.0000e+00   0.0000e+00   0.0000e+00   0.0000e+00   0.0000e+00
EtaCorr.AntiKt3HI_Bin9:          3.0206e-01  -1.3152e-01   1.8650e-02  -8.7686e-04   0.0000e+00   0.0000e+00   0.0000e+00   0.0000e+00   0.0000e+00
EtaCorr.AntiKt3HI_Bin10:         4.6699e-01  -2.1470e-01   3.1580e-02  -1.5314e-03   0.0000e+00   0.0000e+00   0.0000e+00   0.0000e+00   0.0000e+00
EtaCorr.AntiKt3HI_Bin11:         7.1844e-02  -2.3823e-02   1.6055e-03   0.0000e+00   0.0000e+00   0.0000e+00   0.0000e+00   0.0000e+00   0.0000e+00
EtaCorr.AntiKt3HI_Bin12:        -1.2824e+00   6.0676e-01  -9.2539e-02   4.5777e-03   0.0000e+00   0.0000e+00   0.0000e+00   0.0000e+00   0.0000e+00
EtaCorr.AntiKt3HI_Bin13:        -1.1565e+00   5.7549e-01  -9.1027e-02   4.6786e-03   0.0000e+00   0.0000e+00   0.0000e+00   0.0000e+00   0.0000e+00
EtaCorr.AntiKt3HI_Bin14:        -5.6863e-01   2.9795e-01  -4.8305e-02   2.5288e-03   0.0000e+00   0.0000e+00   0.0000e+00   0.0000e+00   0.0000e+00
EtaCorr.AntiKt3HI_Bin15:        -1.1205e-01   7.6949e-02  -1.4075e-02   7.8831e-04   0.0000e+00   0.0000e+00   0.0000e+00   0.0000e+00   0.0000e+00
EtaCorr.AntiKt3HI_Bin16:         7.9264e-02  -1.7800e-02   1.1989e-03   0.0000e+00   0.0000e+00   0.0000e+00   0.0000e+00   0.0000e+00   0.0000e+00
EtaCorr.AntiKt3HI_Bin17:         6.8924e-02  -1.3548e-02   6.1213e-04   0.0000e+00   0.0000e+00   0.0000e+00   0.0000e+00   0.0000e+00   0.0000e+00
EtaCorr.AntiKt3HI_Bin18:         7.4488e-02  -1.7933e-02   1.2762e-03   0.0000e+00   0.0000e+00   0.0000e+00   0.0000e+00   0.0000e+00   0.0000e+00
EtaCorr.AntiKt3HI_Bin19:        -4.1433e-02   4.2087e-02  -9.3692e-03   5.8487e-04   0.0000e+00   0.0000e+00   0.0000e+00   0.0000e+00   0.0000e+00
EtaCorr.AntiKt3HI_Bin20:         1.0329e-02   1.2806e-02  -4.0424e-03   2.8918e-04   0.0000e+00   0.0000e+00   0.0000e+00   0.0000e+00   0.0000e+00
EtaCorr.AntiKt3HI_Bin21:         6.4557e-02  -1.6506e-02   1.0836e-03   0.0000e+00   0.0000e+00   0.0000e+00   0.0000e+00   0.0000e+00   0.0000e+00
EtaCorr.AntiKt3HI_Bin22:         5.5503e-02  -1.4463e-02   9.7316e-04   0.0000e+00   0.0000e+00   0.0000e+00   0.0000e+00   0.0000e+00   0.0000e+00
EtaCorr.AntiKt3HI_Bin23:         8.3408e-02  -3.0854e-02   3.8219e-03  -1.5573e-04   0.0000e+00   0.0000e+00   0.0000e+00   0.0000e+00   0.0000e+00
EtaCorr.AntiKt3HI_Bin24:         1.0073e-01  -4.0088e-02   5.4413e-03  -2.4993e-04   0.0000e+00   0.0000e+00   0.0000e+00   0.0000e+00   0.0000e+00
EtaCorr.AntiKt3HI_Bin25:         1.3936e-01  -5.9632e-02   8.6394e-03  -4.2190e-04   0.0000e+00   0.0000e+00   0.0000e+00   0.0000e+00   0.0000e+00
EtaCorr.AntiKt3HI_Bin26:         1.1711e-01  -5.0602e-02   7.3891e-03  -3.6310e-04   0.0000e+00   0.0000e+00   0.0000e+00   0.0000e+00   0.0000e+00
EtaCorr.AntiKt3HI_Bin27:         9.1458e-02  -4.0473e-02   6.1156e-03  -3.1401e-04   0.0000e+00   0.0000e+00   0.0000e+00   0.0000e+00   0.0000e+00
EtaCorr.AntiKt3HI_Bin28:         2.9910e-02  -7.4881e-03   5.2264e-04   0.0000e+00   0.0000e+00   0.0000e+00   0.0000e+00   0.0000e+00   0.0000e+00
EtaCorr.AntiKt3HI_Bin29:         8.5666e-02  -3.4775e-02   4.9827e-03  -2.3348e-04   0.0000e+00   0.0000e+00   0.0000e+00   0.0000e+00   0.0000e+00
EtaCorr.AntiKt3HI_Bin30:         5.7170e-02  -1.4766e-02   1.0400e-03   0.0000e+00   0.0000e+00   0.0000e+00   0.0000e+00   0.0000e+00   0.0000e+00
EtaCorr.AntiKt3HI_Bin31:         9.6768e-02  -3.3026e-02   4.1133e-03  -1.7025e-04   0.0000e+00   0.0000e+00   0.0000e+00   0.0000e+00   0.0000e+00
EtaCorr.AntiKt3HI_Bin32:         5.0745e-02  -1.2632e-02   8.8695e-04   0.0000e+00   0.0000e+00   0.0000e+00   0.0000e+00   0.0000e+00   0.0000e+00
EtaCorr.AntiKt3HI_Bin33:         3.4831e-02  -9.2380e-03   7.2494e-04   0.0000e+00   0.0000e+00   0.0000e+00   0.0000e+00   0.0000e+00   0.0000e+00
EtaCorr.AntiKt3HI_Bin34:         3.8194e-02  -1.1934e-02   9.2734e-04   0.0000e+00   0.0000e+00   0.0000e+00   0.0000e+00   0.0000e+00   0.0000e+00
EtaCorr.AntiKt3HI_Bin35:         3.9932e-02  -1.1457e-02   7.6101e-04   0.0000e+00   0.0000e+00   0.0000e+00   0.0000e+00   0.0000e+00   0.0000e+00
EtaCorr.AntiKt3HI_Bin36:         5.8721e-02  -2.1088e-02   2.6292e-03  -1.1161e-04   0.0000e+00   0.0000e+00   0.0000e+00   0.0000e+00   0.0000e+00
EtaCorr.AntiKt3HI_Bin37:         7.4235e-02   0.0000e+00   0.0000e+00   0.0000e+00   0.0000e+00   0.0000e+00   0.0000e+00   0.0000e+00   0.0000e+00
EtaCorr.AntiKt3HI_Bin38:         3.1019e-02  -8.2372e-03   6.0833e-04   0.0000e+00   0.0000e+00   0.0000e+00   0.0000e+00   0.0000e+00   0.0000e+00
EtaCorr.AntiKt3HI_Bin39:         3.1762e-02  -1.1570e-02   1.5437e-03  -6.9754e-05   0.0000e+00   0.0000e+00   0.0000e+00   0.0000e+00   0.0000e+00
EtaCorr.AntiKt3HI_Bin40:         2.9432e-02  -1.1816e-02   1.6969e-03  -7.9596e-05   0.0000e+00   0.0000e+00   0.0000e+00   0.0000e+00   0.0000e+00
EtaCorr.AntiKt3HI_Bin41:         2.1161e-02  -8.0927e-03   1.0884e-03  -4.8774e-05   0.0000e+00   0.0000e+00   0.0000e+00   0.0000e+00   0.0000e+00
EtaCorr.AntiKt3HI_Bin42:         1.0734e-02  -4.0204e-03   5.7551e-04  -2.8225e-05   0.0000e+00   0.0000e+00   0.0000e+00   0.0000e+00   0.0000e+00
EtaCorr.AntiKt3HI_Bin43:        -2.8060e-03   3.0032e-03  -7.3924e-04   5.2972e-05   0.0000e+00   0.0000e+00   0.0000e+00   0.0000e+00   0.0000e+00
EtaCorr.AntiKt3HI_Bin44:        -1.5671e-03   2.8019e-04   0.0000e+00   0.0000e+00   0.0000e+00   0.0000e+00   0.0000e+00   0.0000e+00   0.0000e+00
EtaCorr.AntiKt3HI_Bin45:        -2.2997e-03   6.5252e-04  -8.0744e-05   0.0000e+00   0.0000e+00   0.0000e+00   0.0000e+00   0.0000e+00   0.0000e+00
EtaCorr.AntiKt3HI_Bin46:        -7.7851e-03   2.2025e-03  -1.7122e-04   0.0000e+00   0.0000e+00   0.0000e+00   0.0000e+00   0.0000e+00   0.0000e+00
EtaCorr.AntiKt3HI_Bin47:        -1.1542e-02   3.2456e-03  -2.8103e-04   0.0000e+00   0.0000e+00   0.0000e+00   0.0000e+00   0.0000e+00   0.0000e+00
EtaCorr.AntiKt3HI_Bin48:        -1.5181e-02   3.8867e-03  -2.8573e-04   0.0000e+00   0.0000e+00   0.0000e+00   0.0000e+00   0.0000e+00   0.0000e+00
EtaCorr.AntiKt3HI_Bin49:        -3.6456e-02   1.5213e-02  -2.3141e-03   1.1617e-04   0.0000e+00   0.0000e+00   0.0000e+00   0.0000e+00   0.0000e+00
EtaCorr.AntiKt3HI_Bin50:        -3.5352e-02   1.2886e-02  -1.7453e-03   7.9662e-05   0.0000e+00   0.0000e+00   0.0000e+00   0.0000e+00   0.0000e+00
EtaCorr.AntiKt3HI_Bin51:        -4.3470e-02   1.4959e-02  -1.8711e-03   7.6178e-05   0.0000e+00   0.0000e+00   0.0000e+00   0.0000e+00   0.0000e+00
EtaCorr.AntiKt3HI_Bin52:        -4.5020e-02   1.2277e-02  -9.3573e-04   0.0000e+00   0.0000e+00   0.0000e+00   0.0000e+00   0.0000e+00   0.0000e+00
EtaCorr.AntiKt3HI_Bin53:        -6.2774e-02   2.3086e-02  -3.0121e-03   1.3490e-04   0.0000e+00   0.0000e+00   0.0000e+00   0.0000e+00   0.0000e+00
EtaCorr.AntiKt3HI_Bin54:        -4.6058e-02   1.5865e-02  -1.7711e-03   7.2710e-05   0.0000e+00   0.0000e+00   0.0000e+00   0.0000e+00   0.0000e+00
EtaCorr.AntiKt3HI_Bin55:        -4.6483e-02   1.5068e-02  -1.2337e-03   0.0000e+00   0.0000e+00   0.0000e+00   0.0000e+00   0.0000e+00   0.0000e+00
EtaCorr.AntiKt3HI_Bin56:        -3.3293e-02   8.1782e-03  -6.0129e-04   0.0000e+00   0.0000e+00   0.0000e+00   0.0000e+00   0.0000e+00   0.0000e+00
EtaCorr.AntiKt3HI_Bin57:        -6.8103e-02   2.1912e-02  -2.5936e-03   1.0275e-04   0.0000e+00   0.0000e+00   0.0000e+00   0.0000e+00   0.0000e+00
EtaCorr.AntiKt3HI_Bin58:        -8.6961e-02   2.7970e-02  -3.3171e-03   1.2984e-04   0.0000e+00   0.0000e+00   0.0000e+00   0.0000e+00   0.0000e+00
EtaCorr.AntiKt3HI_Bin59:        -6.1525e-02   1.6069e-02  -1.1646e-03   0.0000e+00   0.0000e+00   0.0000e+00   0.0000e+00   0.0000e+00   0.0000e+00
EtaCorr.AntiKt3HI_Bin60:        -9.2035e-02   3.8282e-02  -5.6861e-03   2.8053e-04   0.0000e+00   0.0000e+00   0.0000e+00   0.0000e+00   0.0000e+00
EtaCorr.AntiKt3HI_Bin61:        -3.7194e-02   9.4316e-03  -6.6051e-04   0.0000e+00   0.0000e+00   0.0000e+00   0.0000e+00   0.0000e+00   0.0000e+00
EtaCorr.AntiKt3HI_Bin62:        -1.3147e-01   6.0485e-02  -9.4166e-03   4.9244e-04   0.0000e+00   0.0000e+00   0.0000e+00   0.0000e+00   0.0000e+00
EtaCorr.AntiKt3HI_Bin63:        -1.2569e-01   5.4914e-02  -8.1064e-03   4.0020e-04   0.0000e+00   0.0000e+00   0.0000e+00   0.0000e+00   0.0000e+00
EtaCorr.AntiKt3HI_Bin64:        -1.0167e-01   3.9819e-02  -5.2638e-03   2.3220e-04   0.0000e+00   0.0000e+00   0.0000e+00   0.0000e+00   0.0000e+00
EtaCorr.AntiKt3HI_Bin65:        -8.4155e-02   3.1403e-02  -4.0051e-03   1.7359e-04   0.0000e+00   0.0000e+00   0.0000e+00   0.0000e+00   0.0000e+00
EtaCorr.AntiKt3HI_Bin66:        -8.1252e-02   2.9324e-02  -3.5760e-03   1.4497e-04   0.0000e+00   0.0000e+00   0.0000e+00   0.0000e+00   0.0000e+00
EtaCorr.AntiKt3HI_Bin67:        -5.1513e-02   1.3027e-02  -8.5627e-04   0.0000e+00   0.0000e+00   0.0000e+00   0.0000e+00   0.0000e+00   0.0000e+00
EtaCorr.AntiKt3HI_Bin68:         8.1114e-03  -1.8854e-02   4.5872e-03  -3.0192e-04   0.0000e+00   0.0000e+00   0.0000e+00   0.0000e+00   0.0000e+00
EtaCorr.AntiKt3HI_Bin69:        -6.8450e-02   1.7085e-02  -1.0769e-03   0.0000e+00   0.0000e+00   0.0000e+00   0.0000e+00   0.0000e+00   0.0000e+00
EtaCorr.AntiKt3HI_Bin70:         5.3558e-02  -4.8992e-02   1.0549e-02  -6.4822e-04   0.0000e+00   0.0000e+00   0.0000e+00   0.0000e+00   0.0000e+00
EtaCorr.AntiKt3HI_Bin71:         1.3484e-02  -2.3902e-02   5.1721e-03  -3.2384e-04   0.0000e+00   0.0000e+00   0.0000e+00   0.0000e+00   0.0000e+00
EtaCorr.AntiKt3HI_Bin72:         1.6539e-01  -9.7830e-02   1.6736e-02  -8.8570e-04   0.0000e+00   0.0000e+00   0.0000e+00   0.0000e+00   0.0000e+00
EtaCorr.AntiKt3HI_Bin73:         7.6109e-02  -5.5606e-02   1.0170e-02  -5.7879e-04   0.0000e+00   0.0000e+00   0.0000e+00   0.0000e+00   0.0000e+00
EtaCorr.AntiKt3HI_Bin74:         5.9101e-02  -5.3018e-02   1.0566e-02  -6.2384e-04   0.0000e+00   0.0000e+00   0.0000e+00   0.0000e+00   0.0000e+00
EtaCorr.AntiKt3HI_Bin75:         4.6819e-01  -2.5226e-01   4.1637e-02  -2.2209e-03   0.0000e+00   0.0000e+00   0.0000e+00   0.0000e+00   0.0000e+00
EtaCorr.AntiKt3HI_Bin76:         1.0940e+00  -5.4672e-01   8.6780e-02  -4.4816e-03   0.0000e+00   0.0000e+00   0.0000e+00   0.0000e+00   0.0000e+00
EtaCorr.AntiKt3HI_Bin77:         1.0327e+00  -5.0914e-01   8.0550e-02  -4.1338e-03   0.0000e+00   0.0000e+00   0.0000e+00   0.0000e+00   0.0000e+00
EtaCorr.AntiKt3HI_Bin78:        -6.2280e-02   2.0912e-02  -1.3867e-03   0.0000e+00   0.0000e+00   0.0000e+00   0.0000e+00   0.0000e+00   0.0000e+00
EtaCorr.AntiKt3HI_Bin79:         3.0062e-02  -2.3254e-03   0.0000e+00   0.0000e+00   0.0000e+00   0.0000e+00   0.0000e+00   0.0000e+00   0.0000e+00
EtaCorr.AntiKt3HI_Bin80:         4.2251e-03   0.0000e+00   0.0000e+00   0.0000e+00   0.0000e+00   0.0000e+00   0.0000e+00   0.0000e+00   0.0000e+00
EtaCorr.AntiKt3HI_Bin81:        -1.0996e-01   2.8006e-02  -1.7798e-03   0.0000e+00   0.0000e+00   0.0000e+00   0.0000e+00   0.0000e+00   0.0000e+00
EtaCorr.AntiKt3HI_Bin82:         1.3112e+00  -6.0922e-01   9.2044e-02  -4.5469e-03   0.0000e+00   0.0000e+00   0.0000e+00   0.0000e+00   0.0000e+00
EtaCorr.AntiKt3HI_Bin83:         6.3443e+00  -2.9108e+00   4.3848e-01  -2.1739e-02   0.0000e+00   0.0000e+00   0.0000e+00   0.0000e+00   0.0000e+00
EtaCorr.AntiKt3HI_Bin84:         1.3226e+00  -6.0445e-01   9.0071e-02  -4.4079e-03   0.0000e+00   0.0000e+00   0.0000e+00   0.0000e+00   0.0000e+00
EtaCorr.AntiKt3HI_Bin85:         1.3818e+00  -6.1481e-01   8.9367e-02  -4.2825e-03   0.0000e+00   0.0000e+00   0.0000e+00   0.0000e+00   0.0000e+00
EtaCorr.AntiKt3HI_Bin86:        -1.4656e-02   0.0000e+00   0.0000e+00   0.0000e+00   0.0000e+00   0.0000e+00   0.0000e+00   0.0000e+00   0.0000e+00
EtaCorr.AntiKt3HI_Bin87:         1.2687e+00  -5.3747e-01   7.4291e-02  -3.4010e-03   0.0000e+00   0.0000e+00   0.0000e+00   0.0000e+00   0.0000e+00
EtaCorr.AntiKt3HI_Bin88:        -1.8276e-02   0.0000e+00   0.0000e+00   0.0000e+00   0.0000e+00   0.0000e+00   0.0000e+00   0.0000e+00   0.0000e+00
EtaCorr.AntiKt3HI_Bin89:        -8.9473e-03   0.0000e+00   0.0000e+00   0.0000e+00   0.0000e+00   0.0000e+00   0.0000e+00   0.0000e+00   0.0000e+00
EtaCorr.AntiKt3HI_Bin90:        -8.9473e-03   0.0000e+00   0.0000e+00   0.0000e+00   0.0000e+00   0.0000e+00   0.0000e+00   0.0000e+00   0.0000e+00
